0.2	1.02	0.012	
0.4	1.298832	0.03234	
0.6	1.1270582617662	0.05815494	
0.8	1.2683504111933	0.080405330535324	
1	1.1546068483906	0.10537031210651	
1.2	1.2452747846249	0.12793559751379	
1.4	1.169881228652	0.15220141521872	
1.6	1.2268118295928	0.17483803271567	
1.8	1.1783027065264	0.19850007914395	
2	1.2120571562104	0.22107363287876	
2.2	1.1820155012311	0.24420940783857	
2.4	1.2003832389279	0.266628670824	
2.6	1.182374972235	0.28930319224844	
2.8	1.1911157542646	0.3115041757319	
3	1.1804322532034	0.33376896993853	
3.2	1.1835592991528	0.3557087701529	
3.4	1.1770106948856	0.3776014122852	
3.6	1.1771022551932	0.39925361912148	
3.8	1.1727107557733	0.42079939612974	
4	1.1712842965227	0.44214961426456	
4.2	1.1679305255225	0.46336455212369	
4.4	1.1658031335738	0.48440633987352	
4.6	1.1629087143478	0.50530037084563	
4.8	1.1604827487971	0.52603204327836	
5	1.1577747250848	0.54661153803791	
5.2	1.1552312587827	0.56703397484942	
5.4	1.1525919500146	0.58730343015082	
5.6	1.1500053356423	0.60741875200036	
5.8	1.1473883816253	0.6273817649532	
6	1.1447863814047	0.64719262376094	
6.2	1.1421750596841	0.66685238827023	
6.4	1.1395670171107	0.68636162752256	
6.6	1.1369557476386	0.70572115972717	
6.8	1.13434441479	0.7249316688813	
7	1.1317314016481	0.7439938988327	
7.2	1.1291173958789	0.76290855737149	
7.4	1.1265019993787	0.78167636250221	
7.6	1.1238853107183	0.80029802067728	
7.8	1.1212672050296	0.81877423678826	
8	1.1186476532323	0.83710570970491	
8.2	1.1160265841795	0.85529313422103	
8.4	1.1134039425285	0.87333720023351	
8.6	1.1107796650554	0.89123859308292	
8.8	1.1081536900133	0.90899799341861	
9	1.1055259534793	0.92661607725178	
9.2	1.1028963906736	0.94409351593511	
9.4	1.1002649354325	0.96143097616891	
9.6	1.0976315203438	0.97862911999671	
9.8	1.0949960766496	0.9956886048036	
10	1.0923585342248	1.0126100833126	
10.2	1.08971882153	1.0293942035805	
10.4	1.0870768655696	1.0460416089932	
10.6	1.0844325918462	1.0625529382596	
10.8	1.0817859243142	1.0789288254053	
11	1.0791367853309	1.0951698997645	
11.2	1.0764850956058	1.1112767859723	
11.4	1.0738307741482	1.1272501039546	
11.6	1.071173738212	1.1430904689178	
11.8	1.068513903239	1.1587984913374	
12	1.0658511827989	1.1743747769455	
12.2	1.0631854885278	1.1898199267168	
12.4	1.0605167300635	1.2051345368537	
12.6	1.0578448149778	1.2203191987707	
12.8	1.0551696487066	1.2353744990764	
13	1.0524911344767	1.2503010195552	
13.2	1.0498091732286	1.2650993371469	
13.4	1.0471236635373	1.2797700239258	
13.6	1.0444345015283	1.2943136470769	
13.8	1.0417415807905	1.3087307688721	
14	1.0390447922849	1.3230219466435	
14.2	1.0363440242491	1.337187732756	
14.4	1.0336391620972	1.3512286745772	
14.6	1.0309300883158	1.3651453144463	
14.8	1.0282166823534	1.3789381896403	
15	1.0254988205065	1.3926078323392	
15.2	1.0227763757989	1.4061547695876	
15.4	1.020049217855	1.4195795232557	
15.6	1.0173172127679	1.4328826099965	
15.8	1.01458022296	1.4460645412019	
16	1.0118381070365	1.4591258229551	
16.2	1.0090907196325	1.472066955981	
16.4	1.0063379112507	1.4848884355938	
16.6	1.0035795280919	1.4975907516408	
16.8	1.0008154118759	1.5101743884445	
17	0.99804539965313	1.5226398247397	
17.2	0.99526932360606	1.5349875336091	
17.4	0.99248701083963	1.5472179824132	
17.6	0.98969828316041	1.5593316327179	
17.8	0.98690295684327	1.5713289402175	
18	0.98410084238494	1.5832103546533	
18.2	0.98129174424352	1.5949763197277	
18.4	0.97847546056294	1.606627273014	
18.6	0.97565178288126	1.6181636458602	
18.8	0.97282049582183	1.6295858632885	
19	0.96998137676586	1.6408943438885	
19.2	0.96713419550518	1.6520894997044	
19.4	0.96427871387368	1.6631717361159	
19.6	0.9614146853558	1.6741414517128	
19.8	0.95854185467044	1.6849990381614	
20	0.95565995732826	1.695744880064	
20.2	0.95276871916036	1.7063793548102	
20.4	0.94986785581616	1.7169028324194	
20.6	0.94695707222785	1.7273156753736	
20.8	0.94403606203886	1.7376182384413	
21	0.94110450699337	1.7478108684899	
21.2	0.93816207628349	1.7578939042873	
21.4	0.93520842585073	1.7678676762915	
21.6	0.93224319763771	1.7777325064271	
21.8	0.92926601878585	1.7874887078477	
22	0.92627650077431	1.7971365846842	
22.2	0.92327423849488	1.8066764317762	
22.4	0.92025880925704	1.8161085343873	
22.6	0.91722977171682	1.8254331679005	
22.8	0.91418666472226	1.8346505974953	
23	0.91112900606765	1.8437610778023	
23.2	0.90805629114775	1.8527648525346	
23.4	0.90496799150215	1.8616621540949	
23.6	0.90186355323898	1.8704532031545	
23.8	0.89874239532577	1.8791382082035	
24	0.89560390773366	1.887717365069	
24.2	0.89244744942005	1.8961908563983	
24.4	0.88927234613214	1.9045588511047	
24.6	0.88607788801235	1.9128215037718	
24.8	0.88286332698385	1.9209789540132	
25	0.8796278738915	1.9290313257828	
25.2	0.87637069537065	1.9369787266317	
25.4	0.87309091041217	1.944821246906	
25.6	0.86978758658798	1.9525589588797	
25.8	0.86645973589651	1.9601919158171	
26	0.86310631018137	1.9677201509559	
26.2	0.85972619607033	1.9751436764048	
26.4	0.85631820937357	1.9824624819441	
26.6	0.85288108887124	1.9896765337219	
26.8	0.84941348940959	1.9967857728307	
27	0.84591397421262	2.0037901137547	
27.2	0.84238100630107	2.0106894426702	
27.4	0.83881293889358	2.0174836155829	
27.6	0.83520800464377	2.0241724562829	
27.8	0.83156430354254	2.0307557540943	
28	0.82787978928546	2.0372332613947	
28.2	0.82415225387001	2.0436046908734	
28.4	0.82037931014475	2.0498697124965	
28.6	0.81655837198194	2.0560279501369	
28.8	0.81268663168258	2.0620789778258	
29	0.80876103414818	2.0680223155704	
29.2	0.80477824726096	2.0738574246755	
29.4	0.80073462780181	2.0795837024973	
29.6	0.796626182096	2.0852004765409	
29.8	0.79244852040443	2.0907069978001	
30	0.7881968038639	2.0961024332192	
30.2	0.78386568251217	2.1013858571303	
30.4	0.77944922259613	2.1065562414949	
30.6	0.77494082093599	2.1116124447394	
30.8	0.7703331035764	2.1165531989344	
31	0.76561780526282	2.1213770950113	
31.2	0.76078562538941	2.1260825656415	
31.4	0.75582605490905	2.130667865321	
31.6	0.75072716718838	2.1351310470926	
31.8	0.74547536380901	2.1394699352009	
32	0.74005506369239	2.1436820928011	
32.2	0.73444832042426	2.1477647836109	
32.4	0.72863434794285	2.1517149261014	
32.6	0.72258892835918	2.1555290384297	
32.8	0.71628366691859	2.1592031718048	
33	0.70968504700034	2.1627328292841	
33.2	0.70275322113939	2.1661128660777	
33.4	0.69544045019298	2.1693373661701	
33.6	0.68768906874947	2.1723994883431	
33.8	0.67942880582289	2.1752912722764	
34	0.67057321835819	2.1780033920314	
34.2	0.66101488961758	2.1805248394385	
34.4	0.65061888729445	2.1828425130336	
34.6	0.63921373933832	2.1849406782143	
34.8	0.62657882540834	2.18680024961	
35	0.61242653108655	2.1883978248701	
35.2	0.59637666850378	2.1897043663675	
35.4	0.57791938641804	2.1906833779058	
35.6	0.55636090296845	2.1912883487446	
35.8	0.53074380510398	2.1914591250602	
36	0.49973080026959	2.191116705537	
36.2	0.46144013026169	2.1901557380147	
36.4	0.41323160306744	2.1884337619299	
36.6	0.35149450754258	2.1857562251816	
36.8	0.27167045937748	2.1818573342065	
37	0.16926667456749	2.176381456723	
37.2	0.043730349045787	2.1688848829308	
37.4	-0.092399712120103	2.158915065497	
37.6	-0.20476239487716	2.1462724959272	
37.8	-0.25883504874218	2.13144588555	
38	-0.26820477542399	2.1156119551474	
38.2	-0.26608651810196	2.0996697998632	
38.4	-0.26269012063876	2.0838497205018	
38.6	-0.25915712264839	2.0681766694865	
38.8	-0.25559247062031	2.0526526436861	
39	-0.25200627020831	2.0372775310553	
39.2	-0.24839907057215	2.0220510179958	
39.4	-0.24477031516648	2.0069727814944	
39.6	-0.24111927877685	1.9920425112836	
39.8	-0.23744518111819	1.9772599131517	
40	-0.23374720006351	1.9626247099635	
40.2	-0.23002447125143	1.9481366424125	
40.4	-0.22627608549601	1.9337954697754	
40.6	-0.22250108561859	1.9196009707166	
40.8	-0.21869846292795	1.9055529441506	
41	-0.21486715335801	1.8916512101713	
41.2	-0.21100603323239	1.8778956110533	
41.4	-0.20711391461364	1.8642860123334	
41.6	-0.20318954018796	1.8508223039794	
41.8	-0.19923157762883	1.8375044016558	
42	-0.19523861337469	1.8243322480949	
42.2	-0.19120914574642	1.811305814587	
42.4	-0.18714157731918	1.7984251025991	
42.6	-0.18303420645	1.7856901455397	
42.8	-0.17888521784725	1.773101010683	
43	-0.17469267204988	1.7606578012727	
43.2	-0.17045449366265	1.7483606588253	
43.4	-0.16616845816835	1.7362097656579	
43.6	-0.16183217710708	1.7242053476663	
43.8	-0.15744308137646	1.7123476773858	
44	-0.15299840236255	1.7006370773713	
44.2	-0.14849515055863	1.6890739239372	
44.4	-0.14393009126464	1.6776586513064	
44.6	-0.13929971688252	1.6663917562245	
44.8	-0.13460021522749	1.6552738031058	
45	-0.12982743315873	1.6443054297857	
45.2	-0.12497683468941	1.6334873539736	
45.4	-0.12004345255801	1.6228203805099	
45.6	-0.11502183202163	1.6123054095562	
45.8	-0.10990596535503	1.601943445868	
46	-0.10468921519086	1.5917356093316	
46.2	-0.09936422439569	1.5816831469811	
46.4	-0.093922809615536	1.5717874467583	
46.6	-0.088355834905867	1.5620500533322	
46.8	-0.082653060934741	1.5524726863674	
47	-0.076802964044783	1.5430572617169	
47.2	-0.070792517887038	1.5338059161274	
47.4	-0.06460692826767	1.524721036189	
47.6	-0.058229309096888	1.5158052924427	
47.8	-0.051640283645201	1.5070616797985	
48	-0.0448174903358	1.4984935657266	
48.2	-0.03773496551902	1.4901047480913	
48.4	-0.030362366340639	1.4818995250405	
48.6	-0.022663983841339	1.4738827800884	
48.8	-0.014597478199988	1.4660600865112	
49	-0.0061122421518077	1.4584378365146	
49.2	0.0028527385653189	1.451023402489	
49.4	0.012371712924117	1.4438253402479	
49.6	0.022535945185394	1.4368536478051	
49.8	0.03345883150976	1.4301200984698	
50	0.045282914470174	1.4236386746076	
50.2	0.0581896301453	1.417426139524	
50.4	0.072413043576845	1.4115028014293	
50.6	0.088259484126516	1.4058935482937	
50.8	0.10613601811888	1.4006292702348	
51	0.12659229525183	1.395748844246	
51.2	0.15038274836269	1.3913019459298	
51.4	0.1785596509522	1.3873530911674	
51.6	0.21261185609519	1.3839875187306	
51.8	0.25466648411897	1.3813198182588	
52	0.30775999255664	1.3795065488499	
52.2	0.37612065683775	1.3787642159568	
52.4	0.46516060494614	1.3793928080138	
52.6	0.58012896868188	1.3817990560726	
52.8	0.72071865879628	1.3864926401659	
53	0.86836041442694	1.393974550141	
53.2	0.97739724829388	1.4043718856788	
53.4	1.0159062147556	1.4168979712163	
53.6	1.0177262882691	1.4301316056553	
53.8	1.0151437172566	1.4433354733924	
54	1.0124080729781	1.4564216703706	
54.2	1.0096620383508	1.4693877234783	
54.4	1.0069103826683	1.4822340256279	
54.6	1.0041531717087	1.4949610631532	
54.8	1.0013902601159	1.5075693212716	
55	0.99862148670609	1.5200592798675	
55.2	0.99584668474878	1.5324314132023	
55.4	0.99306568242682	1.5446861898313	
55.6	0.99027830266703	1.5568240725307	
55.8	0.98748436291362	1.5688455182214	
56	0.98468367488496	1.5807509778885	
56.2	0.98187604431611	1.5925408964968	
56.4	0.9790612706865	1.6042157129006	
56.6	0.97623914693168	1.6157758597498	
56.8	0.97340945913818	1.6272217633897	
57	0.97057198621997	1.6385538437555	
57.2	0.96772649957553	1.6497725142612	
57.4	0.96487276272379	1.6608781816814	
57.6	0.96201053091758	1.6718712460274	
57.8	0.95913955073277	1.6827521004157	
58	0.95625955963123	1.6935211309282	
58.2	0.95337028549571	1.7041787164662	
58.4	0.95047144613425	1.7147252285938	
58.6	0.94756274875183	1.7251610313735	
58.8	0.94464388938655	1.7354864811917	
59	0.94171455230746	1.7457019265735	
59.2	0.93877440937085	1.7558077079867	
59.4	0.9358231193315	1.7658041576342	
59.6	0.93286032710511	1.7756915992327	
59.8	0.92988566297757	1.7854703477786	
60	0.9268987417565	1.7951407092993	
60.2	0.92389916185994	1.8047029805879	
60.4	0.92088650433643	1.8141574489222	
60.6	0.91786033181023	1.8235043917643	
60.8	0.91482018734477	1.8327440764417	
61	0.91176559321651	1.8418767598064	
61.2	0.90869604959071	1.8509026878717	
61.4	0.90561103308953	1.8598220954241	
61.6	0.9025099952417	1.8686352056088	
61.8	0.89939236080207	1.8773422294856	
62	0.89625752592754	1.8859433655542	
62.2	0.89310485619458	1.894438799245	
62.4	0.88993368444149	1.9028287023726	
62.6	0.88674330841676	1.9111132325496	
62.8	0.88353298821213	1.9192925325552	
63	0.88030194345657	1.9273667296566	
63.2	0.8770493502441	1.9353359348775	
63.4	0.87377433776469	1.943200242208	
63.6	0.87047598460355	1.9509597277522	
63.8	0.86715331466919	1.9586144488056	
64	0.86380529270488	1.9661644428549	
64.2	0.86043081933205	1.9736097264947	
64.4	0.85702872556638	1.9809502942489	
64.6	0.85359776673848	1.988186117289	
64.8	0.85013661574093	1.9953171420373	
65	0.8466438555113	2.0023432886419	
65.2	0.84311797064634	2.009264449309	
65.4	0.83955733802593	2.0160804864753	
65.6	0.83596021630517	2.0227912308035	
65.8	0.83232473410953	2.0293964789756	
66	0.82864887673927	2.0358959912629	
66.2	0.82493047115579	2.0422894888414	
66.4	0.8211671689817	2.0485766508203	
66.6	0.8173564271971	2.0547571109458	
66.8	0.81349548615541	2.060830453935	
67	0.80958134446958	2.0667962113884	
67.2	0.80561073023127	2.0726538572209	
67.4	0.80158006791768	2.0784028025394	
67.6	0.79748544020737	2.0840423898851	
67.8	0.79332254376179	2.0895718867398	
68	0.78908663782465	2.0949904781813	
68.2	0.78477248423533	2.1002972585469	
68.4	0.78037427713176	2.1054912219389	
68.6	0.77588556021221	2.1105712513718	
68.8	0.77129912891091	2.1155361063192	
69	0.76660691418416	2.1203844083658	
69.2	0.76179984375795	2.1251146246077	
69.4	0.75686767559334	2.1297250483598	
69.6	0.75179879690033	2.1342137766299	
69.8	0.74657998015941	2.1385786836847	
70	0.74119608513687	2.1428173898695	
70.2	0.7356296925841	2.1469272246229	
70.4	0.72986065088459	2.1509051823515	
70.6	0.7238655109142	2.1547478694574	
70.8	0.71761681618138	2.1584514403284	
71	0.71108220400002	2.1620115194504	
71.2	0.70422325768084	2.1654231059331	
71.4	0.69699402753273	2.1686804555571	
71.6	0.68933910688644	2.1717769338299	
71.8	0.68119110393187	2.1747048312985	
72	0.67246728409205	2.1774551292207	
72.2	0.66306506046744	2.1800171992564	
72.4	0.6528558653101	2.1823784144695	
72.6	0.64167671813407	2.1845236397033	
72.8	0.62931847622109	2.1864345558675	
73	0.61550924921303	2.1880887526126	
73.200000000001	0.59989068726719	2.1894584938338	
73.400000000001	0.58198367635466	2.1905090151099	
73.600000000001	0.56113822436091	2.1911961435615	
73.800000000001	0.53645987125006	2.1914629273309	
74.000000000001	0.50670205779509	2.1912348101192	
74.200000000001	0.47011234214833	2.1904126772246	
74.400000000001	0.42422728121441	2.1888628606814	
74.600000000001	0.36564997685398	2.1864030920023	
74.800000000001	0.28998688952051	2.1827840760793	
75.000000000001	0.19254732868019	2.1776698934894	
75.200000000001	0.071401947385439	2.1706324905955	
75.400000000001	-0.064620707700623	2.1612073670902	
75.600000000001	-0.18553684542975	2.1491089161008	
75.800000000001	-0.25255172528181	2.1346526346117	
76.000000000001	-0.26795811975704	2.118928336933	
76.200000000001	-0.26672645643944	2.1029745328532	
76.400000000001	-0.26341569357036	2.0871251310601	
76.600000000001	-0.25989469730664	2.0714211915334	
76.800000000001	-0.25633503356397	2.0558661916296	
77.000000000001	-0.25275318163541	2.0404601600002	
77.200000000001	-0.24915038012978	2.0252027955675	
77.400000000001	-0.24552616106813	2.0100937739871	
77.600000000001	-0.24187981733156	1.9951327818958	
77.800000000001	-0.23821057799084	1.9803195216396	
78.000000000001	-0.23451762949684	1.9656537124716	
78.200000000001	-0.23080011644721	1.9511350913193	
78.400000000001	-0.22705713921814	1.9367634135338	
78.600000000001	-0.22328775088228	1.9225384536818	
78.800000000001	-0.21949095375865	1.9084600063957	
79.000000000001	-0.21566569562348	1.8945278872886	
79.200000000001	-0.21181086555544	1.8807419339396	
79.400000000001	-0.20792528937505	1.8671020069588	
79.600000000001	-0.20400772463033	1.8536079911365	
79.800000000001	-0.20005685507371	1.8402597966883	
80.000000000001	-0.19607128456728	1.8270573606033	
80.200000000001	-0.19204953034408	1.814000648109	
80.400000000001	-0.18799001554254	1.8010896542615	
80.600000000001	-0.18389106091831	1.7883244056794	
80.800000000001	-0.17975087562309	1.7757049624326	
81.000000000001	-0.17556754692221	1.763231420108	
81.200000000001	-0.1713390287023	1.750903912069	
81.400000000001	-0.16706312859528	1.7387226119346	
81.600000000001	-0.162737493516	1.726687736303	
81.800000000001	-0.15835959337514	1.7147995477512	
82.000000000001	-0.15392670268728	1.703058358145	
82.200000000001	-0.14943587974285	1.6914645323005	
82.400000000001	-0.14488394295132	1.6800184920441	
82.600000000001	-0.14026744388817	1.6687207207249	
82.800000000001	-0.13558263648714	1.6575717682435	
83.000000000001	-0.13082544170748	1.6465722566725	
83.200000000001	-0.12599140686843	1.635722886555	
83.400000000001	-0.1210756586732	1.6250244439849	
83.600000000001	-0.11607284873315	1.6144778085915	
83.800000000001	-0.11097709013894	1.6040839625739	
84.000000000001	-0.10578188329297	1.5938440009582	
84.200000000001	-0.10048002879853	1.5837591432876	
84.400000000001	-0.095063524667237	1.5738307469952	
84.600000000001	-0.089523444424464	1.5640603227668	
84.800000000001	-0.083849791813908	1.5544495522645	
85.000000000001	-0.078031326663982	1.5450003086669	
85.200000000001	-0.072055354991991	1.5357146805903	
85.400000000001	-0.06590747446666	1.5265950000875	
85.600000000001	-0.059571263757253	1.5176438755977	
85.800000000001	-0.053027900832447	1.5088642309446	
86.000000000001	-0.046255690600645	1.5002593517732	
86.200000000001	-0.03922947592822	1.4918329412023	
86.400000000001	-0.031919897344234	1.4835891869778	
86.600000000001	-0.024292454634147	1.475532843096	
86.800000000001	-0.016306306557804	1.4676693297878	
87.000000000001	-0.0079127208869648	1.4600048570077	
87.200000000001	0.00094694749177083	1.452546578305	
87.400000000001	0.010343922612972	1.4453027843633	
87.600000000001	0.020365563121598	1.4382831488937	
87.800000000001	0.031120162065299	1.4314990444117	
88.000000000001	0.042743509140311	1.4249639524309	
88.200000000001	0.055407983356162	1.4186940028516	
88.400000000001	0.069335328550601	1.4127086925044	
88.600000000001	0.084814861946836	1.4070318556129	
88.800000000001	0.10222980065057	1.4016929935738	
89.000000000001	0.12209585051653	1.3967291246189	
89.200000000001	0.14511844564507	1.3921873960062	
89.400000000001	0.17227831940891	1.3881288279391	
89.600000000001	0.20495933375643	1.3846337501875	
89.800000000001	0.24513581266622	1.3818097681117	
90.000000000001	0.29563040606842	1.3798034355245	
90.200000000001	0.36040643882378	1.3788170264682	
90.400000000001	0.44467026901821	1.3791310701124	
90.600000000001	0.5539564558818	1.3811288201422	
90.800000000001	0.68989820278815	1.3853023051591	
91.000000000001	0.83903978021688	1.3921737576891	
91.200000000001	0.96041384934914	1.401993684505	
91.400000000001	1.0127272617243	1.4141919930694	
91.600000000001	1.0181244978932	1.4273755783386	
91.800000000001	1.0157072351654	1.4406011904047	
92.000000000001	1.0129778474405	1.453712329156	
92.200000000001	1.0102331265291	1.466703324459	
92.400000000001	1.0074826141108	1.4795744703673	
92.600000000001	1.0047265683132	1.4923262502977	
92.800000000001	1.0019648543269	1.5049591504125	
93.000000000001	0.99919731252477	1.517473651747	
93.200000000001	0.99642377723661	1.5298702297387	
93.400000000001	0.99364407771197	1.5421493541348	
93.600000000001	0.99085803798774	1.5543114889183	
93.800000000001	0.98806547666695	1.5663570922335	
94.000000000001	0.98526620667848	1.5782866163057	
94.200000000001	0.98246003502259	1.5901005073577	
94.400000000001	0.97964676250178	1.6017992055214	
94.600000000001	0.97682618343593	1.6133831447438	
94.800000000001	0.97399808536074	1.6248527526888	
95.000000000001	0.97116224870817	1.6362084506326	
95.200000000001	0.9683184464676	1.6474506533536	
95.400000000001	0.96546644382636	1.6585797690162	
95.600000000001	0.9626059977879	1.6695961990476	
95.800000000001	0.95973685676618	1.6805003380081	
96.000000000001	0.95685876015423	1.6912925734534	
96.200000000001	0.95397143786505	1.7019732857892	
96.400000000001	0.9510746098425	1.7125428481176	
96.600000000001	0.94816798554	1.7230016260738	
96.800000000001	0.94525126336431	1.7333499776543	
97.000000000001	0.94232413008159	1.7435882530333	
97.200000000001	0.93938626018255	1.7537167943697	
97.400000000001	0.93643731520345	1.7637359356015	
97.600000000001	0.93347694299891	1.7736460022276	
97.800000000001	0.93050477696264	1.7834473110764	
98.000000000001	0.92752043519144	1.7931401700603	
98.200000000001	0.92452351958728	1.8027248779138	
98.400000000001	0.92151361489222	1.812201723916	
98.600000000001	0.91849028764972	1.8215709875943	
98.800000000001	0.91545308508565	1.8308329384093	
99.000000000001	0.9124015339015	1.839987835419	
99.200000000001	0.90933513897126	1.8490359269199	
99.400000000001	0.9062533819327	1.8579774500647	
99.600000000001	0.90315571966265	1.8668126304531	
99.800000000001	0.90004158262459	1.8755416816941	
100	0.8969103730756	1.8841648049381	
100.2	0.8937614631181	1.8926821883749	
100.4	0.89059419258003	1.9010940066954	
100.6	0.88740786670517	1.9094004205135	
100.8	0.88420175363274	1.917601575745	
101	0.88097508164329	1.925697602939	
101.2	0.87772703614411	1.9336886165571	
101.4	0.87445675636461	1.9415747141972	
101.6	0.87116333172762	1.9493559757535	
101.8	0.86784579785805	1.9570324625093	
102	0.864503132185	1.9646042161539	
102.2	0.86113424908702	1.9720712577169	
102.4	0.857737994523	1.97943358641	
102.6	0.85431314008272	1.9866911783684	
102.8	0.85085837638085	1.9938439852783	
103	0.84737230570683	2.0008919328795	
103.2	0.84385343382903	2.0078349193292	
103.4	0.84030016083536	2.0146728134092	
103.6	0.83671077087333	2.0214054525588	
103.8	0.83308342062964	2.0280326407135	
104	0.82941612636179	2.0345541459225	
104.2	0.82570674926216	2.0409696977201	
104.4	0.82195297889508	2.0472789842168	
104.6	0.81815231440075	2.0534816488736	
104.8	0.81430204310239	2.0595772869172	
105	0.81039921608378	2.0655654413447	
105.2	0.8064406202197	2.0714455984597	
105.4	0.80242274603803	2.0772171828718	
105.6	0.79834175066513	2.0828795518782	
105.8	0.79419341494829	2.0884319891321	
106	0.78997309365369	2.0938736974854	
106.2	0.78567565739415	2.099203790871	
106.4	0.78129542463495	2.1044212850645	
106.6	0.77682608173954	2.1095250871319	
106.8	0.77226058852769	2.1145139833311	
107	0.76759106619303	2.119386625185	
107.2	0.76280866362501	2.1241415133829	
107.4	0.75790339714333	2.1287769790885	
107.6	0.75286395730374	2.1332911621359	
107.8	0.74767747466724	2.1376819854713	
108	0.74232923409172	2.1419471250373	
108.2	0.73680232400244	2.1460839740939	
108.4	0.73107720293723	2.1500896007035	
108.6	0.72513116003517	2.1539606967587	
108.8	0.71893763846011	2.1576935164756	
109	0.71246538017685	2.1612838016625	
109.2	0.70567733579424	2.1647266902577	
109.4	0.69852926253446	2.1680166035223	
109.6	0.69096790406658	2.1711471057554	
109.8	0.68292860386372	2.1741107283079	
110	0.67433214268096	2.1768987467437	
110.2	0.66508050113531	2.1795008958636	
110.4	0.65505111536583	2.1819050014069	
110.6	0.64408899422036	2.1840964987072	
110.8	0.63199576415723	2.1860577960981	
111	0.61851424668361	2.1877674224008	
111.2	0.60330646634393	2.1891988702224	
111.4	0.58592190853515	2.1903190051982	
111.6	0.56575123000331	2.1910858483429	
111.8	0.54195832082496	2.1914454437013	
112	0.51338074436376	2.1913273828992	
112.2	0.47838644040068	2.190638360872	
112.4	0.43467861663004	2.1892528978757	
112.6	0.3790696566707	2.1870002057189	
112.8	0.3073558737505	2.1836465978237	
113	0.21477018133105	2.1788754823096	
113.2	0.098350381653227	2.1722765085247	
113.4	-0.03625120422136	2.1633821336151	
113.6	-0.16380930622095	2.1518401988626	
113.8	-0.24388400250177	2.1378048117439	
114	-0.26712314148982	2.1222381076351	
114.2	-0.26730768782744	2.1062844542672	
114.4	-0.26413502679548	2.0904068782393	
114.6	-0.26063086522051	2.0746721433122	
114.8	-0.25707666451402	2.0590861652912	
115	-0.25349919016402	2.0436492011745	
115.2	-0.24990076377746	2.0283609713653	
115.4	-0.2462810501694	2.0132211512329	
115.6	-0.24263936574687	1.9982294244734	
115.8	-0.23897494958715	1.9833854900361	
116	-0.23528699671643	1.9686890635942	
116.2	-0.23157466058395	1.9541398783419	
116.4	-0.22783705099416	1.9397376857385	
116.6	-0.22407323112201	1.9254822562899	
116.8	-0.22028221413326	1.911373380386	
117	-0.21646295946713	1.8974108692014	
117.2	-0.21261436876059	1.8835945556661	
117.4	-0.20873528137576	1.8699242955125	
117.6	-0.20482446948418	1.8563999684074	
117.8	-0.20088063265427	1.8430214791757	
118	-0.19690239188107	1.8297887591268	
118.2	-0.19288828298771	1.8167017674935	
118.4	-0.18883674931835	1.8037604929963	
118.6	-0.18474613362949	1.7909649555449	
118.8	-0.18061466907262	1.7783152080946	
119	-0.1764404691438	1.7658113386727	
119.2	-0.17222151645615	1.7534534725965	
119.4	-0.16795565016706	1.7412417749043	
119.6	-0.1636405518637	1.7291764530265	
119.8	-0.15927372967675	1.7172577597241	
120	-0.15485250035122	1.7054859963319	
120.2	-0.15037396895474	1.6938615163432	
120.4	-0.1458350058443	1.6823847293824	
120.6	-0.14123222044084	1.6710561056186	
120.8	-0.13656193127365	1.6598761806817	
121	-0.13182013164933	1.6488455611528	
121.2	-0.12700245016872	1.6379649307141	
121.4	-0.12210410515232	1.6272350570571	
121.6	-0.11711985183291	1.6166567996688	
121.8	-0.11204392092181	1.6062311186338	
122	-0.10686994683893	1.5959590846222	
122.2	-0.10159088349717	1.5858418902623	
122.4	-0.096198905024818	1.5758808631411	
122.6	-0.090685288161577	1.5660774807249	
122.8	-0.085040272231033	1.556433387558	
123	-0.079252891514043	1.5469504151756	
123.2	-0.073310773441969	1.5376306052694	
123.4	-0.067199894182652	1.5284762367742	
123.6	-0.060904280748821	1.5194898577067	
123.8	-0.054405645498598	1.5106743228032	
124	-0.047682934510659	1.5020328382792	
124.2	-0.040711765359677	1.4935690153976	
124.4	-0.033463721653155	1.4852869350134	
124.6	-0.02590546038986	1.4771912259053	
124.8	-0.017997572396153	1.469287160568	
125	-0.0096931137560756	1.4615807733172	
125.2	-0.00093569421359424	1.4540790071755	
125.4	0.0083430376679139	1.4467898982554	
125.6	0.018226740427537	1.4397228095174	
125.8	0.028818884775011	1.4328887302784	
126	0.040248896279289	1.4263006643225	
126.2	0.052680642652247	1.4199741389265	
126.4	0.066324323763676	1.4139278810849	
126.6	0.081453367561442	1.4081847281547	
126.8	0.098428786696518	1.4027728718652	
127	0.11773478197403	1.3977275832398	
127.2	0.14003143570925	1.3930936409631	
127.4	0.1662333983964	1.3889288014725	
127.6	0.19762757755913	1.385308825433	
127.8	0.23604670708256	1.382334832857	
128	0.28411286078222	1.3801440928344	
128.2	0.34553126201357	1.3789256295859	
128.4	0.42527043057546	1.3789416266782	
128.6	0.52898323738425	1.3805523271563	
128.8	0.65975822334697	1.3842292302682	
129	0.80856539756151	1.3905032485838	
129.2	0.94014174022348	1.3997220402921	
129.4	1.0074765173823	1.4115262648952	
129.6	1.0183357740414	1.4246181639183	
129.8	1.0162649989636	1.4378617885796	
130	1.0135471939084	1.4509977796159	
130.2	1.0108039769198	1.464013734596	
130.4	1.0080546104258	1.4769097454614	
130.6	1.00529972357	1.4896862889427	
130.8	1.0025392002819	1.5023438519693	
131	0.9997728829404	1.5148829167151	
131.2	0.99700060695663	1.5273039597904	
131.4	0.99422220263981	1.5396074521305	
131.6	0.99143749512731	1.5517938589227	
131.8	0.98864630417057	1.5638636395306	
132	0.98584844389802	1.5758172474164	
132.2	0.9830437225635	1.5876551300573	
132.4	0.98023194228029	1.5993777288582	
132.6	0.97741289873958	1.6109854790596	
132.8	0.97458638091248	1.6224788096391	
133	0.97175217073431	1.6338581432091	
133.2	0.96891004276986	1.6451238959077	
133.4	0.96605976385836	1.6562764772836	
133.6	0.96320109273639	1.6673162901744	
133.8	0.96033377963741	1.6782437305782	
134	0.95745756586579	1.6890591875181	
134.2	0.95457218334367	1.6997630428978	
134.4	0.95167735412825	1.7103556713502	
134.6	0.94877278989741	1.720837440076	
134.8	0.94585819140094	1.7312087086736	
135	0.94293324787471	1.7414698289582	
135.2	0.9399976364146	1.7516211447709	
135.4	0.93705102130692	1.7616629917754	
135.6	0.93409305331163	1.7715956972426	
135.8	0.93112336889424	1.7814195798226	
136	0.92814158940191	1.7911349493014	
136.2	0.92514732017897	1.8007421063429	
136.4	0.92214014961618	1.8102413422148	
136.6	0.91911964812792	1.819632938496	
136.8	0.91608536705047	1.8289171667661	
137	0.91303683745413	1.8380942882733	
137.2	0.90997356886085	1.847164553581	
137.4	0.90689504785826	1.8561282021903	
137.6	0.90380073660001	1.8649854621365	
137.8	0.90069007118086	1.8737365495579	
138	0.89756245987403	1.8823816682337	
138.2	0.89441728121648	1.89092100909	
138.4	0.89125388192619	1.8993547496689	
138.6	0.88807157463347	1.9076830535591	
138.8	0.88486963540631	1.9159060697839	
139	0.88164730104676	1.9240239321431	
139.2	0.87840376613289	1.9320367585034	
139.4	0.87513817977708	1.9399446500335	
139.6	0.87184964206761	1.9477476903789	
139.8	0.86853720015618	1.9554459447683	
140	0.86519984394835	1.9630394590476	
140.2	0.86183650134824	1.9705282586313	
140.4	0.85844603300145	1.9779123473652	
140.6	0.85502722647206	1.9851917062884	
140.8	0.85157878977992	1.9923662922864	
141	0.84809934421298	1.9994360366205	
141.2	0.84458741631631	2.0064008433217	
141.4	0.84104142894353	2.0132605874314	
141.6	0.83745969123794	2.0200151130731	
141.8	0.83384038738839	2.0266642313325	
142	0.83018156397876	2.0332077179236	
142.2	0.82648111571848	2.0396453106136	
142.4	0.82273676930347	2.0459767063749	
142.6	0.81894606511204	2.0522015582291	
142.8	0.81510633638473	2.0583194717402	
143	0.81121468547091	2.0643300011092	
143.2	0.80726795664368	2.070232644813	
143.4	0.80326270488513	2.0760268407218	
143.6	0.79919515992223	2.0817119606159	
143.8	0.79506118464279	2.0872873040113	
144	0.79085622683421	2.0927520911841	
144.2	0.78657526295444	2.0981054552649	
144.4	0.78221273235311	2.1033464332476	
144.6	0.77776245999263	2.1084739557284	
144.8	0.77321756525317	2.1134868351497	
145	0.76857035381175	2.118383752279	
145.2	0.76381218882421	2.1231632405938	
145.4	0.75893333665612	2.1278236681673	
145.6	0.75392278113255	2.1323632165596	
145.8	0.74876799860673	2.1367798560995	
146	0.74345468394683	2.1410713167911	
146.2	0.7379664146183	2.1452350538861	
146.4	0.73228423612688	2.149268206909	
146.6	0.72638614680677	2.153167550597	
146.8	0.72024645274603	2.1569294357802	
147	0.71383495375622	2.1605497176562	
147.2	0.70711590757445	2.164023668143	
147.4	0.70004670025591	2.1673458679538	
147.6	0.69257612347646	2.1705100726191	
147.8	0.6846421204648	2.1735090447256	
148	0.67616880581994	2.1763343419113	
148.2	0.66706248179745	2.1789760463181	
148.4	0.65720625123278	2.1814224157225	
148.6	0.646452644021	2.1836594286685	
148.8	0.63461339700332	2.1856701844056	
149	0.6214451047565	2.1874341014236	
149.2	0.60662881193185	2.1889258330116	
149.4	0.58974062891904	2.1901137800852	
149.6	0.57020896251115	2.1909580237632	
149.8	0.54725179809179	2.1914074128946	
150	0.51978467144502	2.1913954117919	
150.2	0.48628743928049	2.1908341281619	
150.4	0.44461983817169	2.1896057063067	
150.6	0.39179672039346	2.1875500745386	
150.8	0.32381954425398	2.1844482585737	
151	0.23593751999936	2.180002408166	
151.2	0.12444263193876	2.1738211465251	
151.4	-0.0076584097480708	2.1654408934313	
151.6	-0.13991578192043	2.1544605207691	
151.8	-0.23254318829352	2.1408899025269	
152	-0.26540779888801	2.1255345892484	
152.2	-0.26779283686025	2.1095987603244	
152.4	-0.2648447727781	2.0936949097856	
152.6	-0.26136530676553	2.0779295397811	
152.8	-0.25781733738062	2.0623125859469	
153	-0.25424430187738	2.0468446762695	
153.2	-0.25065023176961	2.0315255668506	
153.4	-0.24703499357526	2.016354934381	
153.6	-0.24339793556159	2.0013324598376	
153.8	-0.23973830784066	1.9864578388271	
154	-0.23605531406654	1.9717307834762	
154.2	-0.23234811644302	1.9571510232775	
154.4	-0.22861583407286	1.9427183058322	
154.6	-0.22485754008732	1.9284323976216	
154.8	-0.2210722583385	1.9142930848318	
155	-0.21725895975282	1.9003001742408	
155.2	-0.21341655833261	1.8864534941746	
155.4	-0.20954390676959	1.872752895537	
155.6	-0.20563979162536	1.859198252924	
155.8	-0.20170292802687	1.8457894658268	
156	-0.1977319538175	1.8325264599372	
156.2	-0.19372542309536	1.8194091885611	
156.4	-0.18968179906066	1.8064376341564	
156.6	-0.1855994460819	1.7936118100044	
156.8	-0.18147662087697	1.7809317620328	
157	-0.17731146268856	1.7683975708051	
157.2	-0.17310198231417	1.7560093536973	
157.4	-0.1688460498281	1.7437672672825	
157.6	-0.16454138080497	1.7316715099495	
157.8	-0.16018552082254	1.7197223247837	
158	-0.15577582798153	1.7079200027433	
158.2	-0.15130945313391	1.69626488617	
158.4	-0.14678331745387	1.6847573726764	
158.6	-0.14219408691678	1.673397919464	
158.8	-0.137538143168	1.6621870481283	
159	-0.13281155016014	1.6511253500243	
159.2	-0.12801001581198	1.640213492271	
159.4	-0.12312884778626	1.6294522244934	
159.6	-0.11816290229076	1.6188423864152	
159.8	-0.11310652456621	1.6083849164373	
160	-0.10795347942309	1.5980808613638	
160.2	-0.10269686980897	1.5879313874685	
160.4	-0.097329040905441	1.577937793135	
160.6	-0.091841466638738	1.5681015233512	
160.8	-0.08622461469775	1.5584241864017	
161	-0.080467785131757	1.5489075731757	
161.2	-0.074558916270917	1.5395536796072	
161.4	-0.068484349969123	1.5303647328837	
161.6	-0.062228545865442	1.5213432222199	
161.8	-0.055773731292071	1.5124919351915	
162	-0.049099469335111	1.5038140008897	
162.2	-0.042182121968614	1.4953129414986	
162.4	-0.034994177541599	1.4869927343517	
162.6	-0.027503401343764	1.4788578871291	
162.8	-0.019671753248437	1.4709135296666	
163	-0.011453995660174	1.4631655269533	
163.2	-0.0027958853708802	1.4556206194053	
163.4	0.0063681998130142	1.4482865986009	
163.6	0.016118411221502	1.4411725296041	
163.8	0.026553660062361	1.4342890351806	
164	0.037797370666588	1.4276486632059	
164.2	0.050005407428893	1.4212663673032	
164.4	0.063377147514602	1.4151601436153	
164.6	0.078171168517376	1.4093518858475	
164.8	0.09472779621357	1.4038685497886	
165	0.11350197136816	1.3987437629639	
165.2	0.13511177733017	1.3940200835765	
165.4	0.16041080300545	1.3897522187052	
165.6	0.19059643651229	1.3860116736718	
165.8	0.22737036284274	1.3828935440337	
166	0.27316719809748	1.3805264835703	
166.2	0.33144370828073	1.3790871951144	
166.4	0.40691159740944	1.3788206333045	
166.6	0.50521584278526	1.3800647620861	
166.8	0.63049582716087	1.3832687551314	
167	0.77743213412391	1.388962327899	
167.2	0.91685670653814	1.397566158942	
167.4	0.99961285865646	1.408915462278	
167.6	1.0181779086991	1.4218631421398	
167.8	1.016811326707	1.435117384603	
168	1.0141159251803	1.4482780242142	
168.2	1.0113745821922	1.4613189525967	
168.4	1.0086263719156	1.4742398494776	
168.6	1.0058726382151	1.4870411776685	
168.8	1.0031132987817	1.4997234245444	
169	1.0003481987976	1.5122870733974	
169.2	0.9975771747975	1.5247326020063	
169.4	0.99480005814494	1.5370604824922	
169.6	0.99201667506827	1.5492711812427	
169.8	0.98922684645711	1.5613651588378	
170	0.98643038762857	1.5733428699728	
170.2	0.98362710807863	1.5852047633755	
170.4	0.98081681121918	1.5969512817202	
170.6	0.97799929409987	1.608582861536	
170.8	0.9751743471136	1.6200999331103	
171	0.97234175368458	1.631502920387	
171.2	0.96950128993774	1.6427922408588	
171.4	0.9666527243479	1.6539683054532	
171.6	0.96379581736753	1.6650315184129	
171.8	0.96093032103117	1.6759822771682	
172	0.95805597853502	1.686820972203	
172.2	0.95517252378951	1.6975479869127	
172.4	0.952279680943	1.7081636974539	
172.6	0.94937716387414	1.7186684725855	
172.8	0.94646467565049	1.7290626735	
173	0.94354190795062	1.7393466536456	
173.2	0.94060854044667	1.7495207585363	
173.4	0.93766424014412	1.7595853255526	
173.6	0.93470866067512	1.7695406837277	
173.8	0.93174144154138	1.7793871535226	
174	0.92876220730234	1.7891250465858	
174.2	0.92577056670363	1.7987546654989	
174.4	0.9227661117406	1.8082763035055	
174.6	0.91974841665102	1.8176902442228	
174.8	0.91671703683034	1.8269967613347	
175	0.91367150766235	1.8361961182646	
175.2	0.91061134325715	1.8452885678265	
175.4	0.90753603508758	1.8542743518525	
175.6	0.90444505051397	1.863153700795	
175.8	0.90133783118635	1.8719268333013	
176	0.8982137913115	1.8805939557586	
176.2	0.89507231577107	1.889155261806	
176.4	0.89191275807519	1.8976109318124	
176.6	0.88873443813402	1.9059611323148	
176.8	0.88553663982764	1.9142060154159	
177	0.88231860835207	1.9223457181354	
177.2	0.87907954731633	1.9303803617118	
177.4	0.87581861556226	1.9383100508495	
177.6	0.87253492367489	1.9461348729065	
177.8	0.86922753014681	1.9538548970155	
178	0.865895437155	1.9614701731334	
178.2	0.86253758590241	1.9689807310108	
178.4	0.85915285147025	1.9763865790738	
178.6	0.85574003711822	1.9836877032078	
178.8	0.8522978679614	1.9908840654341	
179	0.84882498394082	1.9979756024662	
179.2	0.84531993199243	2.0049622241327	
179.4	0.8417811573036	2.0118438116519	
179.6	0.83820699352859	2.0186202157397	
179.8	0.83459565181306	2.0252912545316	
180	0.83094520845214	2.0318567112952	
180.2	0.82725359097656	2.0383163319077	
180.4	0.8235185624249	2.0446698220677	
180.6	0.81973770351619	2.0509168442059	
180.8	0.81590839238454	2.0570570140552	
181	0.81202778147339	2.0630898968326	
181.2	0.80809277110907	2.0690150029779	
181.4	0.80409997917823	2.0748317833852	
181.6	0.80004570621686	2.0805396240518	
181.8	0.79592589507424	2.0861378400559	
182	0.79173608413687	2.0916256687571	
182.2	0.78747135287472	2.0970022620961	
182.4	0.78312625819379	2.1022666778431	
182.6	0.77869475972861	2.1074178696177	
182.8	0.77417013176483	2.1124546754642	
183	0.76954485891772	2.1173758047222	
183.2	0.76481051196984	2.1221798228769	
183.4	0.75995759933954	2.126865134002	
183.6	0.754975388444	2.1314299603187	
183.8	0.74985168964231	2.135872318286	
184	0.74457259336719	2.1401899904874	
184.2	0.73912214830127	2.1443804924023	
184.4	0.73348196477387	2.1484410329064	
184.6	0.72763072259668	2.1523684670373	
184.8	0.72154355581618	2.156159239154	
185	0.71519127761521	2.1598093140746	
185.2	0.70853939579044	2.1633140930565	
185.4	0.70154685132128	2.1666683105071	
185.6	0.69416438722999	2.1698659059809	
185.8	0.68633241876865	2.1728998641956	
186	0.67797822373187	2.17576201325	
186.2	0.66901219539036	2.1784427676584	
186.4	0.65932278781695	2.1809307977279	
186.6	0.64876961500889	2.1832125994956	
186.8	0.63717391114029	2.1852719287983	
187	0.62430517255612	2.1870890473772	
187.2	0.60986221017748	2.1886397055914	
187.4	0.59344593502132	2.189893751267	
187.6	0.57451982816838	2.1908132012111	
187.8	0.55235203918541	2.1913495317684	
188	0.52593036510651	2.1914398248933	
188.2	0.49383860271234	2.1910012330709	
188.4	0.45408305555363	2.1899229989598	
188.6	0.40387268304988	2.1880550450761	
188.8	0.33942192110099	2.1851922235117	
189	0.25606538596146	2.1810547008162	
189.2	0.1495842625916	2.1752707350313	
189.4	0.02083767067276	2.167386066608	
189.6	-0.11425472823926	2.1569658896884	
189.8	-0.21837137858319	2.1438959656752	
190	-0.26244549853755	2.1288090582751	
190.2	-0.26812073017609	2.112916103013	
190.4	-0.26553942152272	2.0969891078944	
190.6	-0.26209749901661	2.0811933739245	
190.8	-0.25855700136983	2.0655454570745	
191	-0.2549885163704	2.0500465897618	
191.2	-0.25139878992502	2.0346965864856	
191.4	-0.24778799818852	2.0194951277546	
191.6	-0.24415553411855	2.0044418921521	
191.8	-0.24050066046301	1.989536572009	
192	-0.23682258963769	1.9747788759396	
192.2	-0.23312049251806	1.9601685297672	
192.4	-0.22939349737956	1.945705277268	
192.6	-0.22564068716679	1.9313888809341	
192.8	-0.22186109626084	1.9172191227861	
193	-0.21805370690285	1.9031958052469	
193.2	-0.21421744527134	1.8893187520826	
193.4	-0.21035117717974	1.8755878094168	
193.6	-0.20645370335093	1.8620028468261	
193.8	-0.20252375421814	1.848563758525	
194	-0.19855998419442	1.835270464648	
194.2	-0.19456096534439	1.8221229126408	
194.4	-0.19052518038218	1.8091210787707	
194.6	-0.18645101490801	1.7962649697692	
194.8	-0.18233674878253	1.7835546246222	
195	-0.17818054652202	1.7709901165235	
195.2	-0.17398044657902	1.7585715550104	
195.4	-0.16973434935073	1.7462990883038	
195.6	-0.16544000373115	1.7341729058753	
195.8	-0.16109499199151	1.7221932412713	
196	-0.15669671273596	1.7103603752251	
196.2	-0.15224236163404	1.6986746390942	
196.4	-0.14772890957711	1.6871364186661	
196.6	-0.14315307783951	1.6757461583812	
196.8	-0.13851130974489	1.6645043660325	
197	-0.13379973823972	1.6534116180074	
197.2	-0.12901414865533	1.6424685651526	
197.4	-0.12414993579094	1.6316759393537	
197.6	-0.11920205426564	1.6210345609412	
197.8	-0.11416496085757	1.6105453470511	
198	-0.10903254726073	1.6002093210987	
198.2	-0.10379806132758	1.590027623548	
198.4	-0.098454014406683	1.5800015242037	
198.6	-0.092992071800069	1.5701324362946	
198.8	-0.087402922615008	1.5604219326771	
199	-0.081676124317415	1.5508717645614	
199.2	-0.075799916036051	1.5414838832523	
199.4	-0.069760993019997	1.5322604655153	
199.6	-0.063544232479352	1.5232039433273	
199.8	-0.057132358150302	1.5143170389611	
200	-0.050505527051987	1.5056028066033	
