0.1	0.81	0.006	
0.2	1.0140345	0.014085	
0.3	1.1561219740012	0.0241901325	
0.4	1.2083900412017	0.035690876908762	
0.5	1.2152655305529	0.047685550128508	
0.6	1.2146175791068	0.059718991558715	
0.7	1.2133673808267	0.071715869870887	
0.8	1.2120742720284	0.083670254004477	
0.9	1.2107780293242	0.09558182108975	
1	1.2094815677017	0.10745064683027	
1.1	1.2081851064095	0.11927683589021	
1.2	1.2068886589728	0.13106049486458	
1.3	1.2055922225266	0.14280173021714	
1.4	1.2042957928226	0.15450064811687	
1.5	1.2029993654669	0.1661573544248	
1.6	1.2017029360259	0.17777195469341	
1.7	1.2004065000354	0.18934455416693	
1.8	1.1991100530008	0.20087525778187	
1.9	1.1978135903972	0.21236417016742	
2	1.1965171076692	0.22381139564598	
2.1	1.19522060023	0.23521703823355	
2.2	1.1939240634613	0.24658120164027	
2.3	1.1926274927134	0.25790398927078	
2.4	1.1913308833039	0.26918550422474	
2.5	1.1900342305182	0.28042584929722	
2.6	1.1887375296086	0.29162512697916	
2.7	1.187440775794	0.30278343945779	
2.8	1.1861439642598	0.31390088861709	
2.9	1.1848470901571	0.32497757603814	
3	1.1835501486025	0.33601360299962	
3.1	1.1822531346778	0.34700907047815	
3.2	1.1809560434293	0.35796407914873	
3.3	1.1796588698676	0.36887872938515	
3.4	1.1783616089671	0.37975312126036	
3.5	1.1770642556656	0.39058735454688	
3.6	1.1757668048638	0.40138152871717	
3.7	1.1744692514248	0.41213574294402	
3.8	1.1731715901739	0.4228500961009	
3.9	1.1718738158979	0.43352468676239	
4	1.1705759233446	0.44415961320446	
4.1	1.1692779072226	0.4547549734049	
4.2	1.1679797622005	0.46531086504361	
4.3	1.1666814829067	0.47582738550301	
4.4	1.1653830639286	0.48630463186832	
4.5	1.1640844998123	0.49674270092793	
4.6	1.162785785062	0.50714168917373	
4.7	1.1614869141397	0.51750169280142	
4.8	1.1601878814643	0.52782280771081	
4.9	1.1588886814112	0.53810512950618	
5	1.1575893083121	0.54834875349653	
5.1	1.1562897564538	0.55855377469591	
5.2	1.1549900200781	0.5687202878237	
5.3	1.1536900933812	0.57884838730493	
5.4	1.152389970513	0.58893816727048	
5.5	1.1510896455765	0.59898972155743	
5.6	1.1497891126271	0.6090031437093	
5.7	1.1484883656724	0.6189785269763	
5.8	1.1471873986711	0.62891596431558	
5.9	1.1458862055327	0.63881554839151	
6	1.1445847801165	0.64867737157585	
6.1	1.1432831162314	0.65850152594808	
6.2	1.1419812076351	0.66828810329552	
6.3	1.1406790480329	0.67803719511364	
6.4	1.139376631078	0.68774889260618	
6.5	1.1380739503699	0.69742328668545	
6.6	1.1367709994542	0.70706046797243	
6.7	1.1354677718216	0.71666052679704	
6.8	1.1341642609075	0.72622355319827	
6.9	1.1328604600909	0.73574963692435	
7	1.1315563626938	0.74523886743294	
7.1	1.1302519619804	0.7546913338913	
7.2	1.1289472511566	0.76410712517638	
7.3	1.1276422233686	0.773486329875	
7.4	1.1263368717027	0.782829036284	
7.5	1.125031189184	0.79213533241032	
7.6	1.1237251687759	0.80140530597113	
7.7	1.1224188033792	0.81063904439396	
7.8	1.1211120858309	0.81983663481677	
7.9	1.1198050089038	0.82899816408804	
8	1.1184975653053	0.83812371876685	
8.1	1.1171897476764	0.84721338512299	
8.2	1.1158815485912	0.85626724913695	
8.3	1.1145729605555	0.86528539650002	
8.4	1.1132639760059	0.87426791261432	
8.5	1.1119545873092	0.88321488259285	
8.6	1.110644786761	0.89212639125946	
8.7	1.1093345665846	0.90100252314892	
8.8	1.1080239189305	0.90984336250689	
8.9	1.1067128358747	0.91864899328993	
9	1.1054013094183	0.92741949916545	
9.1	1.1040893314857	0.93615496351172	
9.2	1.102776893924	0.9448554694178	
9.3	1.1014639885016	0.95352109968349	
9.4	1.1001506069073	0.9621519368193	
9.5	1.0988367407487	0.97074806304633	
9.6	1.0975223815514	0.9793095602962	
9.7	1.0962075207577	0.98783651021097	
9.8	1.094892149725	0.99632899414302	
9.9	1.0935762597252	1.0047870931549	
10	1.0922598419427	1.0132108880193	
10.1	1.0909428874735	1.0216004592187	
10.2	1.0896253873237	1.0299558869453	
10.3	1.0883073324084	1.0382772511012	
10.4	1.0869887135497	1.0465646312975	
10.5	1.0856695214759	1.0548181068548	
10.6	1.0843497468198	1.0630377568024	
10.7	1.0830293801171	1.0712236598786	
10.8	1.0817084118051	1.0793758945301	
10.9	1.0803868322211	1.0874945389118	
11	1.0790646316006	1.0955796708867	
11.1	1.0777418000762	1.1036313680255	
11.2	1.0764183276753	1.1116497076062	
11.3	1.075094204319	1.119634766614	
11.4	1.0737694198201	1.1275866217406	
11.5	1.0724439638816	1.1355053493845	
11.6	1.0711178260946	1.1433910256498	
11.7	1.0697909959367	1.1512437263467	
11.8	1.0684634627701	1.1590635269902	
11.9	1.0671352158399	1.1668505028004	
12	1.0658062442718	1.1746047287018	
12.1	1.0644765370704	1.1823262793227	
12.2	1.0631460831172	1.1900152289951	
12.3	1.0618148711685	1.1976716517538	
12.4	1.0604828898532	1.2052956213361	
12.5	1.059150127671	1.2128872111813	
12.6	1.0578165729896	1.2204464944301	
12.7	1.0564822140433	1.2279735439239	
12.8	1.0551470389299	1.2354684322045	
12.9	1.053811035609	1.2429312315133	
13	1.0524741918993	1.2503620137906	
13.1	1.0511364954763	1.2577608506751	
13.2	1.0497979338697	1.2651278135032	
13.3	1.048458494461	1.2724629733081	
13.4	1.0471181644809	1.2797664008195	
13.5	1.0457769310065	1.2870381664622	
13.6	1.0444347809587	1.2942783403561	
13.7	1.0430917010995	1.3014869923148	
13.8	1.041747678029	1.308664191845	
13.9	1.0404026981827	1.3158100081457	
14	1.0390567478282	1.3229245101072	
14.1	1.0377098130628	1.3300077663102	
14.2	1.0363618798096	1.3370598450251	
14.3	1.0350129338149	1.3440808142106	
14.4	1.0336629606449	1.3510707415132	
14.5	1.032311945682	1.3580296942659	
14.6	1.0309598741218	1.364957739487	
14.7	1.0296067309695	1.3718549438795	
14.8	1.0282525010364	1.3787213738295	
14.9	1.0268971689359	1.3855570954053	
15	1.0255407190804	1.3923621743562	
15.1	1.0241831356767	1.3991366761111	
15.2	1.0228244027228	1.4058806657776	
15.3	1.0214645040035	1.4125942081404	
15.4	1.0201034230863	1.41927736766	
15.5	1.0187411433174	1.4259302084717	
15.6	1.017377647817	1.4325527943837	
15.7	1.0160129194755	1.439145188876	
15.8	1.0146469409482	1.4457074550985	
15.9	1.0132796946513	1.4522396558703	
16	1.0119111627566	1.4587418536771	
16.1	1.0105413271873	1.4652141106705	
16.2	1.0091701696121	1.4716564886657	
16.3	1.0077976714409	1.4780690491401	
16.4	1.006423813819	1.4844518532317	
16.5	1.0050485776219	1.4908049617368	
16.6	1.0036719434498	1.4971284351087	
16.7	1.0022938916215	1.5034223334554	
16.8	1.0009144021693	1.509686716538	
16.9	0.99953345483228	1.5159216437683	
17	0.99815102905052	1.5221271742072	
17.1	0.99676710395871	1.5283033665622	
17.2	0.99538165837959	1.5344502791854	
17.3	0.99399467081737	1.5405679700712	
17.4	0.9926061194508	1.5466564968542	
17.5	0.99121598212618	1.5527159168066	
17.6	0.98982423635012	1.5587462868358	
17.7	0.98843085928207	1.5647476634822	
17.8	0.98703582772673	1.5707201029164	
17.9	0.98563911812615	1.5766636609363	
18	0.98424070655168	1.5825783929653	
18.1	0.98284056869567	1.5884643540484	
18.2	0.98143867986289	1.5943215988502	
18.3	0.98003501496179	1.6001501816517	
18.4	0.9786295484954	1.6059501563472	
18.5	0.97722225455209	1.6117215764413	
18.6	0.97581310679594	1.6174644950457	
18.7	0.97440207845691	1.623178964876	
18.8	0.9729891423207	1.6288650382484	
18.9	0.97157427071825	1.634522767076	
19	0.97015743551502	1.6401522028655	
19.1	0.96873860809989	1.6457533967135	
19.2	0.96731775937374	1.6513263993027	
19.3	0.96589485973764	1.6568712608982	
19.4	0.96446987908076	1.6623880313433	
19.5	0.96304278676783	1.6678767600558	
19.6	0.96161355162628	1.6733374960233	
19.7	0.96018214193286	1.6787702877995	
19.8	0.9587485254	1.6841751834993	
19.9	0.95731266916161	1.6895522307946	
20	0.95587453975847	1.6949014769092	
20.1	0.95443410312318	1.7002229686145	
20.2	0.95299132456454	1.7055167522242	
20.3	0.95154616875155	1.7107828735893	
20.4	0.95009859969675	1.7160213780928	
20.5	0.94864858073912	1.7212323106446	
20.6	0.94719607452631	1.7264157156754	
20.7	0.94574104299638	1.7315716371314	
20.8	0.94428344735888	1.7367001184686	
20.9	0.94282324807522	1.741801202646	
21	0.94136040483853	1.7468749321201	
21.1	0.93989487655265	1.7519213488382	
21.2	0.93842662131053	1.7569404942316	
21.3	0.93695559637179	1.7619324092092	
21.4	0.93548175813954	1.7668971341499	
21.5	0.93400506213638	1.7718347088959	
21.6	0.93252546297952	1.776745172745	
21.7	0.931042914355	1.7816285644429	
21.8	0.92955736899104	1.7864849221754	
21.9	0.92806877863035	1.7913142835599	
22	0.92657709400147	1.7961166856373	
22.1	0.92508226478901	1.8008921648632	
22.2	0.92358423960286	1.8056407570989	
22.3	0.92208296594614	1.8103624976022	
22.4	0.92057839018204	1.8150574210177	
22.5	0.91907045749931	1.8197255613669	
22.6	0.91755911187653	1.8243669520385	
22.7	0.91604429604488	1.8289816257772	
22.8	0.91452595144954	1.8335696146732	
22.9	0.91300401820959	1.838130950151	
23	0.91147843507625	1.8426656629577	
23.1	0.90994913938949	1.8471737831511	
23.2	0.90841606703296	1.8516553400871	
23.3	0.90687915238695	1.8561103624072	
23.4	0.90533832827961	1.8605388780251	
23.5	0.90379352593598	1.8649409141128	
23.6	0.90224467492508	1.8693164970869	
23.7	0.90069170310461	1.8736656525934	
23.8	0.89913453656348	1.877988405493	
23.9	0.89757309956179	1.8822847798449	
24	0.89600731446825	1.8865547988909	
24.1	0.89443710169497	1.8907984850383	
24.2	0.89286237962925	1.8950158598427	
24.3	0.89128306456256	1.8992069439894	
24.4	0.88969907061619	1.903371757275	
24.5	0.88811030966371	1.907510318588	
24.6	0.88651669124983	1.9116226458882	
24.7	0.88491812250559	1.9157087561859	
24.8	0.88331450805972	1.9197686655205	
24.9	0.88170574994576	1.9238023889373	
25	0.88009174750491	1.9278099404644	
25.1	0.87847239728433	1.9317913330883	
25.2	0.87684759293047	1.9357465787285	
25.3	0.8752172250774	1.9396756882109	
25.4	0.8735811812296	1.9435786712412	
25.5	0.87193934563909	1.9474555363754	
25.6	0.87029159917643	1.9513062909908	
25.7	0.8686378191953	1.9551309412551	
25.8	0.86697787939024	1.9589294920939	
25.9	0.86531164964712	1.9627019471576	
26	0.86363899588597	1.9664483087862	
26.1	0.86195977989558	1.9701685779731	
26.2	0.8602738591595	1.9738627543271	
26.3	0.85858108667274	1.9775308360329	
26.4	0.85688131074873	1.9811728198095	
26.5	0.85517437481577	1.9847887008675	
26.6	0.85346011720245	1.9883784728635	
26.7	0.85173837091113	1.9919421278533	
26.8	0.85000896337886	1.9954796562428	
26.9	0.84827171622478	1.998991046736	
27	0.84652644498318	2.0024762862814	
27.1	0.84477295882114	2.0059353600155	
27.2	0.84301106023976	2.0093682512037	
27.3	0.84124054475784	2.0127749411781	
27.4	0.8394612005767	2.0161554092727	
27.5	0.83767280822487	2.0195096327553	
27.6	0.83587514018119	2.0228375867557	
27.7	0.83406796047471	2.0261392441906	
27.8	0.83225102425968	2.0294145756849	
27.9	0.83042407736386	2.0326635494882	
28	0.82858685580805	2.0358861313882	
28.1	0.82673908529467	2.0390822846178	
28.2	0.82488048066304	2.0422519697592	
28.3	0.82301074530876	2.0453951446414	
28.4	0.82112957056431	2.0485117642329	
28.5	0.81923663503786	2.051601780528	
28.6	0.81733160390683	2.054665142427	
28.7	0.81541412816261	2.05770179561	
28.8	0.81348384380235	2.0607116824026	
28.9	0.8115403709633	2.0636947416346	
29	0.80958331299509	2.0666509084902	
29.1	0.80761225546434	2.0695801143489	
29.2	0.80562676508594	2.0724822866177	
29.3	0.80362638857448	2.075357348552	
29.4	0.80161065140868	2.0782052190664	
29.5	0.79957905650106	2.0810258125328	
29.6	0.79753108276421	2.0838190385665	
29.7	0.79546618356392	2.0865848017977	
29.8	0.7933837850488	2.0893230016288	
29.9	0.79128328434448	2.0920335319752	
30	0.78916404759945	2.0947162809887	
30.1	0.78702540786796	2.0973711307623	
30.2	0.78486666281394	2.099997957014	
30.3	0.78268707221788	2.1025966287496	
30.4	0.78048585526671	2.1051670079	
30.5	0.77826218760416	2.1077089489329	
30.6	0.77601519811658	2.1102222984366	
30.7	0.773743965426	2.1127068946717	
30.8	0.77144751405899	2.1151625670892	
30.9	0.76912481025558	2.1175891358121	
31	0.76677475737841	2.1199864110751	
31.1	0.76439619087686	2.1223541926212	
31.2	0.76198787275517	2.1246922690484	
31.3	0.75954848548666	2.1270004171034	
31.4	0.75707662530866	2.1292784009155	
31.5	0.75457079482349	2.1315259711663	
31.6	0.75202939482079	2.1337428641866	
31.7	0.74945071522431	2.1359288009743	
31.8	0.74683292505265	2.1380834861241	
31.9	0.74417406126718	2.1402066066594	
32	0.74147201636164	2.1422978307554	
32.1	0.73872452452613	2.1443568063421	
32.2	0.73592914619251	2.1463831595715	
32.3	0.73308325073829	2.1483764931345	
32.4	0.73018399709062	2.1503363844091	
32.5	0.72722831193051	2.1522623834189	
32.6	0.72421286514821	2.1541540105797	
32.7	0.72113404214214	2.1560107542047	
32.8	0.71798791248485	2.1578320677406	
32.9	0.71477019439632	2.1596173666961	
33	0.71147621436673	2.1613660252234	
33.1	0.70810086115202	2.163077372304	
33.2	0.70463853322338	2.1647506874847	
33.3	0.70108307858001	2.1663851960983	
33.4	0.69742772562662	2.1679800638938	
33.5	0.69366500356496	2.1695343909903	
33.6	0.68978665044114	2.1710472050485	
33.7	0.68578350661513	2.1725174535403	
33.8	0.68164539095818	2.1739439949726	
33.9	0.67736095651748	2.1753255888948	
34	0.67291752168782	2.1766608844877	
34.1	0.66830087206379	2.1779484074934	
34.2	0.66349502706958	2.1791865451953	
34.3	0.65848196412132	2.180373529103	
34.4	0.65324129139879	2.1815074149214	
34.5	0.64774985819918	2.1825860592981	
34.6	0.64198128920078	2.1836070927319	
34.7	0.63590542563334	2.184567887892	
34.8	0.629487652152	2.1854655224286	
34.9	0.6226880829138	2.1862967351441	
35	0.61546057368095	2.1870578741354	
35.1	0.60775151839124	2.1877448351868	
35.2	0.59949837816785	2.1883529882828	
35.3	0.59062787780587	2.1888770895937	
35.4	0.58105378906488	2.1893111756478	
35.5	0.57067420157216	2.1896484355994	
35.6	0.55936816139287	2.1898810565261	
35.7	0.54699153632174	2.1900000354987	
35.8	0.53337195045426	2.1899949507732	
35.9	0.51830262881332	2.1898536829008	
36	0.50153502631638	2.1895620749817	
36.1	0.48277022403811	2.1891035200574	
36.2	0.46164933446147	2.1884584634976	
36.3	0.43774370278214	2.1876038106835	
36.4	0.41054676318009	2.1865122381846	
36.5	0.37947140554751	2.1851514252209	
36.6	0.34386022831092	2.1834832607133	
36.7	0.30302181991638	2.1814631548447	
36.8	0.25631456766263	2.1790397151567	
36.9	0.20330873516872	2.1761552615455	
37	0.14405988870327	2.1727479607433	
37.1	0.079501530983986	2.1687566897285	
37.2	0.011875812395699	2.164129813314	
37.3	-0.055054227801578	2.1588382469046	
37.4	-0.11643487490127	2.1528906090094	
37.5	-0.1676565395435	2.1463440337378	
37.6	-0.20609201758662	2.1393016082581	
37.7	-0.23198015378676	2.1318924340615	
37.8	-0.24773027220737	2.1242429014385	
37.9	-0.25641275142139	2.1164549914628	
38	-0.26064723992573	2.10859972647	
38.1	-0.26225571590929	2.1007217547545	
38.2	-0.26236845254819	2.0928473932086	
38.3	-0.26164395108804	2.0849915902001	
38.4	-0.26045350326002	2.0771626717137	
38.5	-0.25900321473353	2.0693652300018	
38.6	-0.25740679813844	2.0616017847795	
38.7	-0.25572693061574	2.0538737123361	
38.8	-0.25399821783463	2.0461817587491	
38.9	-0.25223982121913	2.0385263221739	
39	-0.25046238214348	2.0309076081563	
39.1	-0.24867182262465	2.0233257153145	
39.2	-0.24687143785251	2.0157806827999	
39.3	-0.24506305303426	2.0082725167144	
39.4	-0.24324766597587	2.0008012048923	
39.5	-0.24142580580704	1.9933667252203	
39.6	-0.23959773427545	1.9859690503492	
39.7	-0.23776355928491	1.9786081503805	
39.8	-0.23592329926121	1.9712839944117	
39.9	-0.23407691981963	1.9639965514331	
40	-0.23222435474678	1.9567457908563	
40.1	-0.23036551805233	1.9495316828317	
40.2	-0.22850031090869	1.9423541984441	
40.3	-0.22662862564832	1.9352133098389	
40.4	-0.22475034805768	1.9281089903078	
40.5	-0.22286535867905	1.9210412143515	
40.6	-0.2209735335304	1.9140099577288	
40.7	-0.21907474448132	1.9070151974992	
40.8	-0.21716885942336	1.9000569120606	
40.9	-0.21525574231584	1.8931350811862	
41	-0.21333525315468	1.8862496860601	
41.1	-0.21140724789224	1.8794007093134	
41.2	-0.20947157832454	1.8725881350612	
41.3	-0.20752809195558	1.8658119489403	
41.4	-0.2055766318444	1.8590721381484	
41.5	-0.20361703643793	1.8523686914846	
41.6	-0.20164913939141	1.8457015993915	
41.7	-0.19967276937722	1.8390708539991	
41.8	-0.19768774988227	1.8324764491703	
41.9	-0.19569389899386	1.8259183805486	
42	-0.1936910291737	1.8193966456073	
42.1	-0.19167894701949	1.8129112437015	
42.2	-0.18965745301345	1.8064621761221	
42.3	-0.18762634125699	1.8000494461516	
42.4	-0.18558539919081	1.7936730591237	
42.5	-0.18353440729924	1.787333022484	
42.6	-0.18147313879805	1.7810293458548	
42.7	-0.17940135930447	1.7747620411021	
42.8	-0.17731882648829	1.7685311224063	
42.9	-0.17522528970261	1.7623366063354	
43	-0.17312048959304	1.7561785119226	
43.1	-0.17100415768356	1.7500568607468	
43.2	-0.16887601593761	1.7439716770181	
43.3	-0.16673577629246	1.7379229876662	
43.4	-0.16458314016499	1.7319108224341	
43.5	-0.16241779792667	1.7259352139764	
43.6	-0.1602394283456	1.7199961979622	
43.7	-0.15804769799289	1.7140938131838	
43.8	-0.15584226061087	1.7082281016709	
43.9	-0.15362275643995	1.7023991088107	
44	-0.15138881150112	1.6966068834742	
44.1	-0.1491400368303	1.6908514781505	
44.2	-0.14687602766089	1.6851329490869	
44.3	-0.14459636255021	1.6794513564375	
44.4	-0.1423006024451	1.6738067644209	
44.5	-0.1399882896818	1.6681992414854	
44.6	-0.13765894691439	1.6626288604849	
44.7	-0.13531207596571	1.6570956988645	
44.8	-0.13294715659403	1.6515998388577	
44.9	-0.13056364516805	1.6461413676946	
45	-0.12816097324211	1.6407203778237	
45.1	-0.12573854602241	1.6353369671467	
45.2	-0.12329574071452	1.6299912392686	
45.3	-0.12083190474089	1.6246833037633	
45.4	-0.1183463538163	1.6194132764565	
45.5	-0.11583836986757	1.6141812797272	
45.6	-0.11330719878253	1.6089874428292	
45.7	-0.11075204797128	1.6038319022343	
45.8	-0.10817208372132	1.598714801999	
45.9	-0.10556642832541	1.5936362941568	
46	-0.1029341569589	1.5885965391382	
46.1	-0.10027429428048	1.5835957062207	
46.2	-0.097585810727002	1.5786339740124	
46.3	-0.094867618469443	1.5737115309701	
46.4	-0.092118566993078	1.5688285759579	
46.5	-0.089337438260147	1.5639853188481	
46.6	-0.086522941407945	1.5591819811684	
46.7	-0.083673706929133	1.5544187968014	
46.8	-0.080788280273991	1.5496960127401	
46.9	-0.077865114806168	1.5450138899055	
47	-0.074902564034139	1.5403727040327	
47.1	-0.071898873029688	1.5357727466323	
47.2	-0.068852168932173	1.5312143260354	
47.3	-0.065760450422732	1.526697768531	
47.4	-0.062621576035598	1.5222234196054	
47.5	-0.059433251153835	1.5177916452961	
47.6	-0.056193013513663	1.5134028336713	
47.7	-0.052898217014329	1.509057396452	
47.8	-0.049546013598531	1.5047557707907	
47.9	-0.046133332930761	1.5004984212277	
48	-0.042656859556414	1.4962858418453	
48.1	-0.039113007171805	1.4921185586452	
48.2	-0.035497889572555	1.4879971321768	
48.3	-0.031807287773115	1.4839221604507	
48.4	-0.028036612700947	1.4798942821718	
48.5	-0.024180862761761	1.4759141803394	
48.6	-0.020234575443471	1.4719825862609	
48.7	-0.016191771971042	1.4681002840408	
48.8	-0.012045893836214	1.464268115611	
48.9	-0.0077897297974029	1.4604869863836	
49	-0.0034153316662459	1.4567578716197	
49.1	0.0010860831438641	1.453081823624	
49.2	0.0057242447508416	1.4494599798964	
49.3	0.010509962578445	1.4458935723941	
49.4	0.015455279370856	1.4423839380889	
49.5	0.020573651838901	1.4389325310374	
49.6	0.025880163317925	1.4355409362282	
49.7	0.031391775053741	1.4322108855208	
49.8	0.037127624285552	1.4289442760575	
49.9	0.043109379250828	1.4257431916103	
50	0.049361663710253	1.4226099274237	
50.1	0.055912566727348	1.4195470192423	
50.2	0.062794257425978	1.4165572773615	
50.3	0.070043729532241	1.4136438267423	
50.4	0.077703706994238	1.4108101544708	
50.5	0.085823750253404	1.4080601661545	
50.6	0.09446161329461	1.4053982532417	
50.7	0.1036849150011	1.4028293737415	
50.8	0.11357320522343	1.4003591494572	
50.9	0.12422052696409	1.3979939836358	
51	0.13573860159305	1.3957412039463	
51.1	0.14826079380529	1.3936092369524	
51.2	0.16194704530955	1.3916078217981	
51.3	0.17698999581374	1.3897482726967	
51.4	0.19362252459852	1.3880438019731	
51.5	0.21212691984813	1.3865099177141	
51.6	0.23284576310059	1.3851649121183	
51.7	0.2561942991385	1.384030457469	
51.8	0.28267335095275	1.3831323243167	
51.9	0.31288037652657	1.3825012270155	
52	0.34751343037769	1.3821737777132	
52.1	0.38735762121398	1.3821934775727	
52.2	0.4332349354658	1.3826115700909	
52.3	0.48588543572411	1.3834873905203	
52.4	0.54573393791092	1.3848875264013	
52.5	0.61249578050034	1.3868826469644	
52.6	0.68462659427942	1.389540398152	
52.7	0.75878680143599	1.3929128130994	
52.8	0.82978419379148	1.397018399081	
52.9	0.89162058410826	1.4018236950212	
53	0.93968667646653	1.4072353416247	
53.1	0.97275802654616	1.4131141200353	
53.2	0.99301059221145	1.4193089150007	
53.3	1.0041786957087	1.4256907486353	
53.4	1.0097125828702	1.4321683087208	
53.5	1.0120350140391	1.4386850137777	
53.6	1.0126122852738	1.4452086513837	
53.7	1.0122637723929	1.451721752608	
53.8	1.0114290972113	1.4582150859504	
53.9	1.0103396553626	1.4646838392076	
54	1.0091163107809	1.4711255261632	
54.1	1.0078220877319	1.4775388754556	
54.200000000001	1.0064898956059	1.4839232491443	
54.300000000001	1.0051369681879	1.4902783399775	
54.400000000001	1.0037723617073	1.4966040138094	
54.500000000001	1.0024008515392	1.502900227392	
54.600000000001	1.0010249628043	1.5091669853389	
54.700000000001	0.99964603244876	1.5154043175036	
54.800000000001	0.99826476709026	1.5216122670343	
54.900000000001	0.99688153732705	1.5277908840376	
55.000000000001	0.99549653372037	1.5339402222008	
55.100000000001	0.99410984984589	1.5400603369825	
55.200000000001	0.99272152671764	1.5461512846385	
55.300000000001	0.99133157665903	1.5522131216941	
55.400000000001	0.98993999618744	1.5582459046564	
55.500000000001	0.98854677299926	1.5642496898567	
55.600000000001	0.98715188977223	1.570224533362	
55.700000000001	0.98575532624298	1.5761704909263	
55.800000000001	0.98435706034566	1.5820876179615	
55.900000000001	0.98295706883687	1.58797596952	
56.000000000001	0.98155532763848	1.5938356002846	
56.100000000001	0.98015181202464	1.5996665645602	
56.200000000001	0.97874649672236	1.6054689162691	
56.300000000001	0.97733935596377	1.6112427089456	
56.400000000001	0.97593036351139	1.6169879957329	
56.500000000001	0.97451949266798	1.6227048293787	
56.600000000001	0.97310671627769	1.6283932622319	
56.700000000001	0.97169200672201	1.6340533462391	
56.800000000001	0.97027533591275	1.6396851329408	
56.900000000001	0.96885667528312	1.6452886734675	
57.000000000001	0.96743599577752	1.6508640185367	
57.100000000001	0.96601326784054	1.6564112184481	
57.200000000001	0.96458846140529	1.6619303230804	
57.300000000001	0.96316154588114	1.6674213818868	
57.400000000001	0.96173249014099	1.6728844438909	
57.500000000001	0.96030126250812	1.6783195576825	
57.600000000001	0.95886783074254	1.6837267714134	
57.700000000001	0.95743216202689	1.6891061327923	
57.800000000001	0.95599422295188	1.6944576890806	
57.900000000001	0.9545539795013	1.6997814870874	
58.000000000001	0.95311139703646	1.7050775731647	
58.100000000001	0.95166644028019	1.7103459932022	
58.200000000001	0.95021907330027	1.715586792622	
58.300000000001	0.94876925949238	1.7208000163734	
58.400000000001	0.94731696156234	1.7259857089274	
58.500000000001	0.94586214150795	1.7311439142707	
58.600000000001	0.94440476060006	1.7362746759001	
58.700000000001	0.94294477936308	1.7413780368163	
58.800000000001	0.9414821575548	1.7464540395179	
58.900000000001	0.94001685414553	1.7515027259947	
59.000000000001	0.93854882729648	1.7565241377212	
59.100000000001	0.93707803433745	1.7615183156498	
59.200000000001	0.9356044317437	1.7664853002041	
59.300000000001	0.93412797511197	1.771425131271	
59.400000000001	0.93264861913573	1.7763378481939	
59.500000000001	0.93116631757948	1.7812234897648	
59.600000000001	0.92968102325212	1.7860820942162	
59.700000000001	0.92819268797939	1.7909136992132	
59.800000000001	0.92670126257529	1.7957183418449	
59.900000000001	0.92520669681242	1.8004960586161	
60.000000000001	0.92370893939123	1.8052468854377	
60.100000000001	0.92220793790814	1.809970857618	
60.200000000001	0.92070363882242	1.814668009853	
60.300000000001	0.91919598742185	1.8193383762166	
60.400000000001	0.91768492778703	1.8239819901503	
60.500000000001	0.91617040275434	1.8285988844528	
60.600000000001	0.9146523538774	1.8331890912692	
60.700000000001	0.91313072138715	1.8377526420798	
60.800000000001	0.91160544415018	1.8422895676885	
60.900000000001	0.91007645962553	1.8467998982107	
61.000000000001	0.90854370381971	1.8512836630615	
61.100000000001	0.90700711123988	1.855740890942	
61.200000000001	0.90546661484516	1.8601716098271	
61.300000000001	0.90392214599592	1.8645758469509	
61.400000000001	0.90237363440094	1.8689536287935	
61.500000000001	0.90082100806242	1.8733049810656	
61.600000000001	0.89926419321861	1.8776299286935	
61.700000000001	0.89770311428403	1.881928495804	
61.800000000001	0.89613769378715	1.8862007057073	
61.900000000001	0.89456785230533	1.8904465808809	
62.000000000001	0.89299350839694	1.8946661429518	
62.100000000001	0.89141457853052	1.8988594126783	
62.200000000001	0.88983097701074	1.9030264099319	
62.300000000001	0.88824261590114	1.9071671536772	
62.400000000001	0.88664940494328	1.911281661952	
62.500000000001	0.88505125147225	1.9153699518466	
62.600000000001	0.88344806032835	1.9194320394817	
62.700000000001	0.88183973376457	1.9234679399863	
62.800000000001	0.88022617134984	1.927477667474	
62.900000000001	0.87860726986766	1.9314612350188	
63.000000000001	0.8769829232099	1.9354186546299	
63.100000000001	0.87535302226551	1.9393499372254	
63.200000000001	0.87371745480385	1.943255092605	
63.300000000001	0.87207610535225	1.9471341294215	
63.400000000001	0.87042885506754	1.9509870551515	
63.500000000001	0.86877558160119	1.9548138760643	
63.600000000001	0.86711615895764	1.9586145971902	
63.700000000001	0.86545045734537	1.9623892222868	
63.800000000001	0.8637783430204	1.9661377538045	
63.900000000001	0.86209967812159	1.9698601928502	
64.000000000001	0.86041432049737	1.9735565391493	
64.100000000001	0.85872212352325	1.9772267910064	
64.200000000001	0.85702293590958	1.9808709452641	
64.300000000001	0.85531660149895	1.98448899726	
64.400000000001	0.8536029590525	1.9880809407819	
64.500000000001	0.85188184202445	1.9916467680204	
64.600000000001	0.85015307832412	1.9951864695206	
64.700000000001	0.84841649006444	1.9987000341301	
64.800000000001	0.84667189329626	2.0021874489454	
64.900000000001	0.84491909772731	2.005648699256	
65.000000000001	0.84315790642487	2.0090837684851	
65.100000000001	0.84138811550088	2.0124926381282	
65.200000000001	0.83960951377845	2.0158752876879	
65.300000000001	0.83782188243825	2.0192316946064	
65.400000000001	0.83602499464346	2.0225618341943	
65.500000000001	0.83421861514166	2.0258656795552	
65.600000000001	0.83240249984198	2.0291432015078	
65.700000000001	0.83057639536569	2.0323943685024	
65.800000000001	0.82874003856818	2.0356191465348	
65.900000000001	0.82689315603025	2.0388174990542	
66.000000000001	0.82503546351624	2.0419893868668	
66.100000000001	0.82316666539645	2.0451347680348	
66.200000000001	0.82128645403117	2.0482535977687	
66.300000000001	0.819394509113	2.0513458283146	
66.400000000001	0.81749049696437	2.0544114088349	
66.5	0.81557406978646	2.0574502852825	
66.6	0.8136448648555	2.0604624002671	
66.7	0.81170250366215	2.063447692915	
66.8	0.80974659098909	2.0664060987194	
66.9	0.80777671392148	2.0693375493825	
67	0.80579244078457	2.0722419726482	
67.1	0.80379332000204	2.0751192921244	
67.2	0.80177887886795	2.0779694270942	
67.3	0.79974862222463	2.0807922923151	
67.4	0.79770203103785	2.0835877978066	
67.5	0.79563856085979	2.0863558486224	
67.6	0.79355764016936	2.0890963446095	
67.7	0.79145866857813	2.0918091801496	
67.8	0.78934101488902	2.094494243885	
67.9	0.78720401499338	2.0971514184242	
68	0.78504696959042	2.0997805800281	
68.1	0.78286914171122	2.1023815982739	
68.2	0.78066975402751	2.1049543356954	
68.3	0.7784479859228	2.1074986473964	
68.4	0.77620297030127	2.1100143806371	
68.5	0.77393379010634	2.1125013743885	
68.6	0.77163947451777	2.1149594588536	
68.7	0.76931899479193	2.1173884549517	
68.8	0.76697125970595	2.1197881737622	
68.9	0.7645951105606	2.1221584159249	
69	0.76218931569184	2.1244989709907	
69.1	0.75975256443346	2.1268096167201	
69.2	0.7572834604662	2.1290901183226	
69.3	0.75478051447957	2.1313402276315	
69.4	0.75224213606239	2.1335596822072	
69.5	0.74966662472646	2.1357482043623	
69.6	0.74705215995384	2.1379055000987	
69.7	0.74439679014262	2.140031257948	
69.8	0.74169842030719	2.1421251477045	
69.9	0.73895479836778	2.1441868190383	
70	0.73616349983854	2.1462158999744	
70.1	0.73332191069382	2.1482119952229	
70.2	0.73042720815767	2.1501746843418	
70.3	0.72747633912019	2.1521035197125	
70.4	0.72446599583614	2.1539980243044	
70.5	0.72139258850356	2.155857689202	
70.6	0.71825221425186	2.157681970864	
70.7	0.71504062198746	2.1594702880794	
70.8	0.71175317244774	2.1612220185791	
70.9	0.70838479269746	2.1629364952571	
71	0.70492992416163	2.1646130019459	
71.1	0.70138246311968	2.1662507686827	
71.2	0.6977356923814	2.1678489663922	
71.3	0.69398220261662	2.1694067009	
71.4	0.69011380150861	2.1709230061739	
71.5	0.68612140853158	2.1723968366736	
71.6	0.68199493270021	2.1738270586672	
71.7	0.67772313008215	2.1752124403475	
71.8	0.67329343717735	2.1765516405475	
71.9	0.66869177541713	2.1778431958179	
72	0.6639023209788	2.1790855055825	
72.1	0.65890723279422	2.1802768150283	
72.2	0.65368632998332	2.1814151953187	
72.3	0.64821670787939	2.1824985206303	
72.4	0.64247227921756	2.1835244414075	
72.5	0.63642322379088	2.1844903530961	
72.6	0.63003532575832	2.1853933594513	
72.7	0.62326917259263	2.1862302293103	
72.8	0.61607918310762	2.1869973454629	
72.9	0.60841242377653	2.1876906439303	
73	0.60020716227315	2.1883055415583	
73.1	0.59139109445133	2.1888368493271	
73.2	0.58187916550806	2.1892786681483	
73.3	0.57157088777452	2.189624263133	
73.4	0.56034703696702	2.1898659113529	
73.5	0.54806558761882	2.1899947169442	
73.6	0.53455673125345	2.190000386028	
73.7	0.51961681725664	2.1898709523755	
73.8	0.50300108580522	2.1895924431671	
73.9	0.48441516239629	2.1891484729173	
74	0.46350552564997	2.1885197533589	
74.1	0.43984967421056	2.187683509232	
74.2	0.41294773401993	2.1866127972011	
74.3	0.38221914690823	2.1852757425483	
74.4	0.34701144753883	2.183634744661	
74.5	0.30663369114517	2.1816457722747	
74.6	0.26043525375893	2.1792579947555	
74.7	0.20796006970945	2.1764142023062	
74.8	0.14920984563852	2.1730527674975	
74.9	0.085028072005337	2.1691122340351	
75	0.017534453336632	2.1645397341701	
75.1	-0.049629836913293	2.159303729368	
75.2	-0.11166287947319	2.1534091716755	
75.3	-0.16386678359409	2.1469090199516	
75.4	-0.20339546700673	2.1399030795657	
75.5	-0.23025545146082	2.1325193671968	
75.6	-0.24673115790249	2.1248855142642	
75.7	-0.25589117049256	2.1171059888995	
75.8	-0.26041513656155	2.1092543122223	
75.9	-0.26219082501792	2.1013770250761	
76	-0.26239774367363	2.0935016742633	
76.1	-0.26172572690034	2.0856439426409	
76.2	-0.26056448620316	2.0778125755153	
76.3	-0.2591305378735	2.0700123992144	
76.4	-0.25754337025119	2.0622460628377	
76.5	-0.25586884087206	2.0545150139781	
76.6	-0.2541433040374	2.0468200380344	
76.7	-0.25238688426547	2.0391615548989	
76.8	-0.25061075524464	2.031539782169	
76.9	-0.24882113454362	2.0239548251612	
77	-0.24702148229426	2.0164067267528	
77.1	-0.24521371627074	2.008895495113	
77.2	-0.24339888654345	2.0014211192125	
77.3	-0.24157755194894	1.9939835775491	
77.4	-0.23974999125065	1.9865828430857	
77.5	-0.23791632219129	1.9792188860655	
77.6	-0.23607656895679	1.9718916756284	
77.7	-0.23423070059348	1.9646011807498	
77.8	-0.23237865298363	1.9573473707919	
77.9	-0.23052034146427	1.9501302158351	
78	-0.22865566809254	1.9429496868809	
78.1	-0.22678452583089	1.9358057559828	
78.2	-0.22490680095022	1.9286983963345	
78.3	-0.22302237439534	1.9216275823342	
78.4	-0.22113112254256	1.9145932896344	
78.5	-0.21923291759776	1.9075954951849	
78.6	-0.21732762778022	1.9006341772709	
78.7	-0.21541511737663	1.8937093155499	
78.8	-0.21349524671502	1.8868208910873	
78.9	-0.21156787208795	1.8799688863924	
79	-0.20963284564198	1.8731532854556	
79.1	-0.20769001524366	1.8663740737855	
79.2	-0.20573922432787	1.8596312384486	
79.3	-0.20378031173175	1.8529247681092	
79.4	-0.20181311151616	1.8462546530716	
79.5	-0.19983745277544	1.8396208853238	
79.6	-0.19785315943571	1.8330234585827	
79.7	-0.19586005004177	1.8264623683419	
79.8	-0.19385793753205	1.8199376119206	
79.9	-0.19184662900132	1.8134491885155	
80	-0.18982592545028	1.8069970992542	
80.1	-0.18779562152146	1.8005813472516	
80.2	-0.18575550522048	1.7942019376682	
80.3	-0.18370535762186	1.7878588777719	
80.4	-0.18164495255814	1.7815521770012	
80.5	-0.17957405629149	1.7752818470331	
80.6	-0.17749242716639	1.7690479018526	
80.7	-0.17539981524217	1.7628503578263	
80.8	-0.173295961904	1.7566892337793	
80.9	-0.1711805994508	1.7505645510759	
81	-0.16905345065846	1.7444763337037	
81.1	-0.16691422831646	1.7384246083628	
81.2	-0.16476263473612	1.7324094045587	
81.3	-0.16259836122827	1.7264307547	
81.4	-0.16042108754808	1.720488694201	
81.5	-0.1582304813045	1.71458326159	
81.6	-0.15602619733177	1.7087144986229	
81.7	-0.15380787701988	1.7028824504031	
81.8	-0.15157514760079	1.6970871655069	
81.9	-0.14932762138701	1.6913286961171	
82	-0.14706489495862	1.6856070981629	
82.1	-0.14478654829444	1.6799224314679	
82.2	-0.14249214384303	1.6742747599063	
82.3	-0.14018122552811	1.6686641515681	
82.4	-0.13785331768324	1.6630906789339	
82.5	-0.1355079239094	1.6575544190598	
82.6	-0.13314452584898	1.652055453773	
82.7	-0.13076258186866	1.6465938698801	
82.8	-0.12836152564324	1.6411697593867	
82.9	-0.12594076463136	1.6357832197318	
83	-0.12349967843321	1.6304343540362	
83.1	-0.12103761701937	1.6251232713667	
83.2	-0.11855389881849	1.6198500870181	
83.3	-0.11604780865061	1.6146149228124	
83.4	-0.11351859549082	1.6094179074189	
83.5	-0.11096547004694	1.6042591766954	
83.6	-0.10838760213245	1.5991388740532	
83.7	-0.10578411781417	1.5940571508467	
83.8	-0.10315409631137	1.5890141667915	
83.9	-0.10049656662056	1.5840100904114	
84	-0.097810503836996	1.5790450995192	
84.099999999999	-0.095094825140129	1.574119381732	
84.199999999999	-0.09234838540659	1.5692331350263	
84.299999999999	-0.08956997240927	1.5643865683346	
84.399999999999	-0.086758301555985	1.5595799021897	
84.499999999999	-0.083912010115049	1.5548133694187	
84.599999999999	-0.081029650868074	1.550087215894	
84.699999999999	-0.078109685122325	1.5454017013455	
84.799999999999	-0.075150475005621	1.540757100241	
84.899999999999	-0.072150274956102	1.5361537027403	
84.999999999999	-0.069107222306722	1.5315918157339	
85.099999999999	-0.066019326849932	1.5270717639715	
85.199999999999	-0.062884459251219	1.5225938912931	
85.299999999999	-0.059700338160615	1.5181585619723	
85.399999999999	-0.056464515848383	1.5137661621858	
85.499999999999	-0.053174362164282	1.5094171016218	
85.599999999999	-0.049827046588281	1.5051118152461	
85.699999999999	-0.046419518103454	1.5008507652421	
85.799999999999	-0.042948482577906	1.496634443148	
85.899999999999	-0.039410377290603	1.4924633722143	
85.999999999999	-0.035801342174203	1.4883381100109	
86.099999999999	-0.0321171872744	1.4842592513141	
86.199999999999	-0.028353355837327	1.4802274313131	
86.299999999999	-0.024504882331131	1.4762433291764	
86.399999999999	-0.02056634458098	1.4723076720302	
86.499999999999	-0.016531809043807	1.4684212394043	
86.599999999999	-0.012394768063828	1.4645848682154	
86.699999999999	-0.0081480677249115	1.4607994583642	
86.799999999999	-0.0037838246416638	1.457065979041	
86.899999999999	0.0007066703043531	1.453385475847	
86.999999999999	0.0053330636885907	1.4497590788604	
87.099999999999	0.010106069640339	1.4461880118002	
87.199999999999	0.015037621852467	1.4426736024671	
87.299999999999	0.020141051822926	1.4392172946794	
87.399999999999	0.025431298617165	1.435820661961	
87.499999999999	0.030925156654095	1.4324854232922	
87.599999999999	0.036641569541333	1.4292134613005	
87.699999999999	0.042601979904115	1.4260068433427	
87.799999999999	0.048830747577275	1.4228678460334	
87.899999999999	0.055355651604514	1.4197989838941	
87.999999999999	0.062208495398475	1.4168030429504	
88.099999999999	0.069425839396631	1.413883120297	
88.199999999999	0.077049891904592	1.4110426708902	
88.299999999999	0.085129596932503	1.408285563132	
88.399999999999	0.09372196817406	1.4056161451935	
88.499999999999	0.10289373141616	1.4030393245123	
88.599999999999	0.11272335423567	1.4005606635152	
88.699999999999	0.12330356246986	1.3981864953987	
88.799999999999	0.13474446808066	1.3959240647849	
88.899999999999	0.14717746251085	1.3937816993038	
88.999999999999	0.16076006183597	1.3917690196806	
89.099999999999	0.17568192015033	1.3898971977498	
89.199999999999	0.19217224432316	1.3881792739569	
89.299999999999	0.21050882206075	1.3866305482153	
89.399999999999	0.23102876622851	1.3852690600653	
89.499999999999	0.25414078358552	1.3841161750775	
89.599999999999	0.28033810898978	1.3831972924756	
89.699999999999	0.31020986508636	1.3825426803343	
89.799999999999	0.34444591947992	1.3821884222843	
89.899999999999	0.38382537943369	1.3821774104234	
89.999999999999	0.42917048017766	1.3825602206917	
90.099999999999	0.48123507346196	1.3833955249418	
90.199999999999	0.54048278443306	1.384749386864	
90.299999999999	0.60670724990994	1.3866923412412	
90.399999999999	0.67849162688885	1.3892926828872	
90.499999999999	0.75265865413532	1.3926043674489	
90.599999999999	0.82414886116831	1.3966494430716	
90.699999999999	0.88695846462161	1.4013993080756	
90.799999999999	0.93626999978998	1.4067653944516	
90.899999999999	0.97054294326873	1.4126111809634	
90.999999999999	0.99172594863175	1.4187850824437	
91.099999999999	1.0035060097938	1.4251553792239	
91.199999999999	1.0094010684167	1.4316275508738	
91.299999999999	1.0119234560252	1.4381424926807	
91.399999999999	1.0126077436106	1.4446663710093	
91.499999999999	1.0123156124127	1.4511807825179	
91.599999999999	1.0115104840006	1.4576759866857	
91.699999999999	1.0104365383327	1.464146901559	
91.799999999999	1.0092213622805	1.4705908996884	
91.899999999999	1.0079314853768	1.477006636062	
91.999999999999	1.006601640835	1.4833934343256	
92.099999999999	1.0052500125928	1.4897509671482	
92.199999999999	1.0038861533585	1.4960790898562	
92.299999999999	1.0025150989383	1.5023777536652	
92.399999999999	1.0011395116581	1.5086469602704	
92.499999999999	0.99976080108263	1.5148867379863	
92.599999999999	0.99837971244834	1.5210971291522	
92.699999999999	0.99699663699311	1.5272781834538	
92.799999999999	0.9956117763664	1.5334299543651	
92.899999999999	0.99422523013462	1.5395524972428	
92.999999999999	0.99283704256953	1.545645868301	
93.099999999999	0.99144722778031	1.551710124056	
93.199999999999	0.99005578327383	1.5577453210237	
93.299999999999	0.98866269730336	1.5637515155538	
93.399999999999	0.98726795286753	1.569728763738	
93.499999999999	0.98587152989478	1.5756771213573	
93.599999999999	0.98447340644012	1.5815966438529	
93.699999999999	0.98307355934219	1.5874873863076	
93.799999999999	0.98167196458357	1.5933494034353	
93.899999999999	0.98026859748758	1.5991827495725	
93.999999999999	0.97886343282422	1.6049874786735	
94.099999999999	0.97745644486555	1.610763644305	
94.199999999999	0.9760476074126	1.6165112996429	
94.299999999999	0.97463689380624	1.6222304974679	
94.399999999999	0.97322427692886	1.6279212901623	
94.499999999999	0.97180972920065	1.6335837297062	
94.599999999999	0.97039322257281	1.639217867674	
94.699999999999	0.96897472851871	1.6448237552305	
94.799999999999	0.96755421802382	1.6504014431276	
94.899999999999	0.96613166157474	1.6559509817	
94.999999999999	0.96470702914756	1.6614724208615	
95.099999999999	0.96328029019568	1.6669658101009	
95.199999999999	0.96185141363713	1.6724311984776	
95.299999999999	0.9604203678414	1.6778686346177	
95.399999999999	0.95898712061586	1.6832781667096	
95.499999999999	0.95755163919172	1.688659842499	
95.599999999999	0.9561138902095	1.6940137092847	
95.699999999999	0.95467383970402	1.6993398139135	
95.799999999999	0.95323145308897	1.7046382027758	
95.899999999999	0.95178669514091	1.7099089217998	
95.999999999999	0.95033952998273	1.7151520164467	
96.099999999999	0.94888992106666	1.7203675317054	
96.199999999999	0.94743783115658	1.7255555120868	
96.299999999999	0.94598322230989	1.7307160016181	
96.399999999999	0.94452605585863	1.7358490438372	
96.499999999999	0.94306629239003	1.7409546817862	
96.599999999999	0.94160389172643	1.7460329580056	
96.699999999999	0.94013881290443	1.7510839145279	
96.799999999999	0.93867101415337	1.7561075928706	
96.899999999999	0.93720045287308	1.7611040340299	
96.999999999999	0.93572708561075	1.7660732784736	
97.099999999999	0.93425086803714	1.7710153661335	
97.199999999999	0.93277175492179	1.7759303363986	
97.299999999999	0.93128970010746	1.7808182281068	
97.399999999999	0.92980465648355	1.7856790795376	
97.499999999999	0.92831657595865	1.7905129284036	
97.599999999999	0.926825409432	1.7953198118422	
97.699999999999	0.92533110676396	1.8000997664069	
97.799999999999	0.92383361674535	1.8048528280585	
97.899999999999	0.92233288706563	1.8095790321558	
97.999999999999	0.92082886427994	1.8142784134461	
98.099999999999	0.91932149377483	1.8189510060552	
98.199999999999	0.91781071973267	1.8235968434779	
98.299999999999	0.91629648509475	1.8282159585665	
98.399999999999	0.9147787315229	1.832808383521	
98.499999999999	0.9132573993596	1.8373741498774	
98.599999999999	0.91173242758651	1.8419132884964	
98.699999999999	0.91020375378144	1.846425829551	
98.799999999999	0.90867131407343	1.8509118025149	
98.899999999999	0.90713504309617	1.8553712361494	
98.999999999999	0.90559487393941	1.8598041584899	
99.099999999999	0.90405073809847	1.8642105968331	
99.199999999999	0.90250256542154	1.868590577722	
99.299999999999	0.90095028405489	1.8729441269319	
99.399999999999	0.8993938203857	1.8772712694551	
99.499999999999	0.89783309898251	1.8815720294854	
99.599999999999	0.89626804253307	1.8858464304015	
99.699999999999	0.89469857177953	1.8900944947508	
99.799999999999	0.89312460545083	1.8943162442317	
99.899999999999	0.89154606019207	1.8985116996757	
99.999999999999	0.88996285049079	1.9026808810284	
100.1	0.88837488859992	1.9068238073307	
100.2	0.88678208445729	1.9109404966984	
100.3	0.88518434560142	1.9150309663012	
100.4	0.88358157708355	1.9190952323415	
100.5	0.88197368137547	1.9231333100315	
100.6	0.88036055827311	1.9271452135701	
100.7	0.87874210479558	1.9311309561189	
100.8	0.8771182150794	1.9350905497766	
100.9	0.87548878026762	1.939024005553	
101	0.87385368839361	1.9429313333418	
101.1	0.87221282425911	1.9468125418923	
101.2	0.8705660693063	1.9506676387802	
101.3	0.86891330148348	1.9544966303763	
101.4	0.86725439510393	1.9582995218152	
101.5	0.86558922069767	1.9620763169617	
101.6	0.86391764485557	1.9658270183763	
101.7	0.86223953006538	1.9695516272789	
101.8	0.86055473453912	1.9732501435113	
101.9	0.85886311203148	1.976922565498	
102	0.85716451164834	1.9805688902045	
102.1	0.85545877764509	1.9841891130955	
102.2	0.85374574921386	1.9877832280892	
102.3	0.85202526025911	1.9913512275111	
102.4	0.85029713916065	1.9948931020449	
102.5	0.84856120852339	1.9984088406814	
102.6	0.8468172849128	2.001898430665	
102.7	0.84506517857521	2.0053618574374	
102.8	0.84330469314186	2.0087991045796	
102.9	0.84153562531557	2.0122101537496	
103	0.83975776453878	2.0155949846183	
103.1	0.83797089264171	2.0189535748022	
103.2	0.83617478346912	2.0222858997916	
103.3	0.83436920248421	2.0255919328768	
103.4	0.83255390634786	2.0288716450695	
103.5	0.83072864247156	2.0321250050203	
103.6	0.82889314854178	2.0353519789324	
103.7	0.82704715201395	2.0385525304705	
103.8	0.82519036957342	2.0417266206645	
103.9	0.82332250656097	2.0448742078086	
104	0.82144325636012	2.0479952473546	
104.1	0.81955229974305	2.0510896917999	
104.2	0.81764930417201	2.0541574905678	
104.3	0.81573392305241	2.0571985898831	
104.4	0.81380579493362	2.0602129326389	
104.5	0.81186454265335	2.0632004582566	
104.6	0.80990977242046	2.0661611025375	
104.7	0.80794107283131	2.0690947975054	
104.8	0.80595801381363	2.0720014712399	
104.9	0.8039601454917	2.0748810477	
105	0.80194699696578	2.0777334465356	
105.1	0.79991807499816	2.080558582889	
105.2	0.79787286259717	2.0833563671817	
105.3	0.79581081748991	2.0861267048897	
105.4	0.79373137047319	2.0888694963024	
105.5	0.79163392363108	2.0915846362664	
105.6	0.78951784840643	2.094272013912	
105.7	0.7873824835119	2.0969315123613	
105.8	0.78522713266489	2.0995630084155	
105.9	0.78305106212848	2.1021663722211	
106	0.78085349803892	2.1047414669119	
106.1	0.77863362349747	2.107288148225	
106.2	0.7763905754021	2.1098062640894	
106.3	0.77412344099132	2.1122956541832	
106.4	0.7718312540693	2.1147561494577	
106.5	0.76951299087735	2.1171875716247	
106.6	0.76716756557249	2.1195897326044	
106.7	0.764793825269	2.1219624339286	
106.8	0.76239054459282	2.1243054660965	
106.9	0.75995641969224	2.1266186078772	
107	0.75749006164076	2.1289016255544	
107.1	0.75498998915901	2.1311542721069	
107.2	0.752454620573	2.1333762863183	
107.3	0.74988226491379	2.1355673918082	
107.4	0.74727111205058	2.1377272959778	
107.5	0.74461922173317	2.1398556888584	
107.6	0.74192451140192	2.1419522418536	
107.7	0.73918474260143	2.1440166063629	
107.8	0.73639750580975	2.146048412273	
107.9	0.73356020346543	2.1480472663005	
108	0.73067003094034	2.1500127501694	
108.1	0.72772395516582	2.1519444186033	
108.2	0.72471869057179	2.1538417971085	
108.3	0.72165067194173	2.1557043795214	
108.4	0.71851602371918	2.1575316252921	
108.5	0.7153105252212	2.159322956466	
108.6	0.71202957111819	2.1610777543271	
108.7	0.70866812642495	2.1627953556524	
108.8	0.7052206751095	2.1644750485275	
108.9	0.70168116125988	2.1661160676573	
109	0.69804292154793	2.1677175891008	
109.1	0.69429860748455	2.1692787243435	
109.2	0.69044009566401	2.1707985136075	
109.3	0.68645838383113	2.1722759182801	
109.4	0.68234347016085	2.1737098123227	
109.5	0.67808421259166	2.1750989724935	
109.6	0.67366816437996	2.1764420671882	
109.7	0.66908138120595	2.177737643664	
109.8	0.66430819412408	2.1789841133669	
109.9	0.65933094135728	2.1801797350248	
110	0.65412965031786	2.1813225951008	
110.1	0.64868165921167	2.1824105851162	
110.2	0.64296116503654	2.1834413752455	
110.3	0.63693868158061	2.1844123834578	
110.4	0.63058038698537	2.1853207393149	
110.5	0.6238473353406	2.1861632413365	
110.6	0.61669450035481	2.1869363065866	
110.7	0.60906961106969	2.1876359108237	
110.8	0.60091172949314	2.1882575171573	
110.9	0.59214950752526	2.1887959906593	
111	0.58269904531869	2.1892454957579	
111.1	0.57246125514081	2.1895993724717	
111.2	0.5613186143402	2.189849986592	
111.3	0.54913116982987	2.1899885477689	
111.4	0.53573163873807	2.1900048880978	
111.5	0.52091944458417	2.1898871922649	
111.6	0.50445355388162	2.1896216687301	
111.7	0.48604407024916	2.1891921500971	
111.8	0.46534276950965	2.1885796104243	
111.9	0.44193324374004	2.1877615890933	
112	0.41532228390164	2.186711517558	
112.1	0.38493593748733	2.1853979616031	
112.2	0.35012689486472	2.183783826074	
112.3	0.31020520550714	2.1818256354575	
112.4	0.26451227996509	2.1794731234239	
112.5	0.21256753227676	2.176669563415	
112.6	0.15432149772654	2.1733535648292	
112.7	0.090530792067522	2.1694633958944	
112.8	0.023194629013188	2.1649450453253	
112.9	-0.044169951270406	2.1597646290022	
113	-0.10682178763248	2.1539235179169	
113.1	-0.1599875921059	2.1474704912458	
113.2	-0.20060992175606	2.1405019390967	
113.3	-0.22845852516891	2.1331445850314	
113.4	-0.24568174175563	2.1255271383171	
113.5	-0.25533801768652	2.1177565030537	
113.6	-0.26016443968341	2.1099087316192	
113.7	-0.2621153615076	2.1020323153934	
113.8	-0.2624211229216	2.0941560809898	
113.9	-0.26180421463253	2.0862964795581	
114	-0.26067363629253	2.0784626962129	
114.1	-0.25925683068792	2.0706598031094	
114.2	-0.2576793542986	2.0628905852948	
114.3	-0.25601040723399	2.0551565652886	
114.4	-0.25428818155016	2.047458569803	
114.5	-0.25253381371628	2.039797041563	
114.6	-0.25075903654902	2.0321722108219	
114.7	-0.24897037793141	2.0245841899294	
114.8	-0.24717147109885	2.0170330256752	
114.9	-0.24536433092609	2.0095187284001	
115	-0.24355006227906	2.0020412882698	
115.1	-0.2417292551215	1.9946006844263	
115.2	-0.23990220603379	1.987196890164	
115.3	-0.2380690430518	1.9798298758783	
115.4	-0.23622979638036	1.9724996107581	
115.5	-0.23438443864498	1.9652060637674	
115.6	-0.23253290790862	1.9579492042215	
115.7	-0.2306751208847	1.9507290021319	
115.8	-0.22881098054332	1.9435454284177	
115.9	-0.22694038049315	1.9363984550412	
116	-0.22506320749866	1.9292880550987	
116.1	-0.22317934291239	1.922214202886	
116.2	-0.22128866347159	1.9151768739496	
116.3	-0.21939104171968	1.90817604513	
116.4	-0.21748634620403	1.9012116946	
116.5	-0.21557444153849	1.8942838019015	
116.6	-0.21365518838267	1.8873923479813	
116.7	-0.21172844336854	1.8805373152275	
116.8	-0.20979405899227	1.8737186875058	
116.9	-0.20785188348193	1.8669364501971	
117	-0.20590176064707	1.8601905902368	
117.1	-0.20394352971383	1.8534810961547	
117.2	-0.20197702514737	1.8468079581172	
117.3	-0.20000207646256	1.8401711679704	
117.4	-0.1980185080233	1.8335707192859	
117.5	-0.19602613883029	1.8270066074074	
117.6	-0.19402478229709	1.8204788295006	
117.7	-0.19201424601378	1.8139873846039	
117.8	-0.18999433149772	1.8075322736822	
117.9	-0.1879648339306	1.8011134996831	
118	-0.18592554188099	1.7947310675946	
118.1	-0.1838762370114	1.7883849845068	
118.2	-0.18181669376889	1.7820752596754	
118.3	-0.17974667905816	1.7758019045885	
118.4	-0.17766595189586	1.7695649330364	
118.5	-0.17557426304483	1.7633643611849	
118.6	-0.17347135462697	1.7572002076515	
118.7	-0.17135695971314	1.7510724935861	
118.8	-0.16923080188843	1.744981242755	
118.9	-0.16709259479115	1.7389264816292	
119	-0.16494204162346	1.7329082394772	
119.1	-0.16277883463171	1.7269265484623	
119.2	-0.16060265455404	1.7209814437448	
119.3	-0.15841317003291	1.7150729635899	
119.4	-0.15621003698986	1.7092011494806	
119.5	-0.15399289795948	1.703366046237	
119.6	-0.15176138137947	1.6975677021418	
119.7	-0.14951510083332	1.6918061690727	
119.8	-0.14725365424172	1.6860815026417	
119.9	-0.14497662299866	1.6803937623427	
120	-0.14268357104746	1.6747430117068	
120.1	-0.14037404389202	1.6691293184671	
120.2	-0.13804756753745	1.663552754732	
120.3	-0.13570364735442	1.6580133971698	
120.4	-0.1333417668603	1.6525113272033	
120.5	-0.13096138640997	1.6470466312167	
120.6	-0.12856194178818	1.6416194007746	
120.7	-0.12614284269464	1.6362297328547	
120.8	-0.12370347111193	1.6308777300957	
120.9	-0.12124317954552	1.6255635010593	
121	-0.11876128912369	1.6202871605112	
121.1	-0.11625708754418	1.6150488297187	
121.2	-0.11372982685266	1.6098486367689	
121.3	-0.11117872103645	1.6046867169085	
121.4	-0.10860294341536	1.5995632129059	
121.5	-0.10600162380882	1.5944782754394	
121.6	-0.10337384545667	1.5894320635127	
121.7	-0.10071864166785	1.5844247448994	
121.8	-0.098034992168256	1.5794564966205	
121.9	-0.095321819115512	1.5745275054572	
122	-0.092577982744424	1.5696379685024	
122.1	-0.089802276602178	1.5647880937537	
122.2	-0.086993422327215	1.5599781007533	
122.3	-0.084150063919639	1.5552082212782	
122.4	-0.081270761444119	1.5504787000858	
122.5	-0.078353984098297	1.5457897957211	
122.6	-0.07539810257054	1.5411417813908	
122.7	-0.072401380600294	1.5365349459117	
122.8	-0.06936196564202	1.5319695947409	
122.9	-0.066277878519434	1.5274460510976	
123	-0.063147001940248	1.5229646571847	
123.1	-0.059967067722236	1.5185257755223	
123.2	-0.056735642558902	1.5141297904063	
123.3	-0.053450112126542	1.5097771095047	
123.4	-0.05010766330338	1.5054681656096	
123.5	-0.046705264234861	1.5012034185626	
123.6	-0.043239641935873	1.4969833573738	
123.7	-0.039707257069441	1.492808502561	
123.8	-0.036104275480557	1.4886794087339	
123.9	-0.032426535991273	1.4845966674573	
124	-0.028669513876558	1.4805609104287	
124.1	-0.024828279336526	1.4765728130139	
124.2	-0.020897450155798	1.472633098188	
124.3	-0.016871137590143	1.468742540941	
124.4	-0.012742884338246	1.4649019732127	
124.5	-0.0085055932351184	1.4611122894363	
124.6	-0.0041514450339731	1.4573744527804	
124.7	0.00032819668644819	1.4536895021981	
124.8	0.004942895856828	1.4500585604094	
124.9	0.0097032723607819	1.446482842967	
125	0.014621152069522	1.4429636685832	
125.1	0.019709742715074	1.4395024709324	
125.2	0.024983840802039	1.4361008121822	
125.3	0.030460075948843	1.4327603985598	
125.4	0.036157200543798	1.4294830983229	
125.5	0.042096434483211	1.4262709625825	
125.6	0.048301877136741	1.4231262495209	
125.7	0.054801001699542	1.4200514526685	
125.8	0.06162525092242	1.4170493340538	
125.9	0.068810758092975	1.4141229632279	
126	0.076399223369543	1.4112757634007	
126.1	0.084438983520973	1.4085115662259	
126.2	0.092986323263354	1.4058346771456	
126.3	0.1021070892674	1.4032499536853	
126.4	0.11187868416842	1.4007628996938	
126.5	0.12239253818184	1.3983797792863	
126.6	0.13375718068008	1.3961077552199	
126.7	0.14610206323652	1.3939550576386	
126.8	0.15958231774416	1.3919311906269	
126.9	0.17438466383442	1.3900471858278	
127	0.19073469832824	1.3883159145015	
127.1	0.20890578284165	1.3867524716986	
127.2	0.22922964685435	1.3853746483477	
127.3	0.25210854973771	1.3842035081954	
127.4	0.27802821943081	1.3832640849223	
127.5	0.30756948220914	1.3825862069043	
127.6	0.34141394929059	1.3822054362091	
127.7	0.38033442498952	1.3821640621115	
127.8	0.42515264846628	1.3825119962061	
127.9	0.47663475684584	1.3833072427003	
128	0.53528056821121	1.384615322162	
128.1	0.6009582061349	1.3865065895387	
128.2	0.67237429981493	1.3890499051262	
128.3	0.74651264683114	1.3923010233615	
128.4	0.81845282829283	1.3962853972714	
128.5	0.8822009497634	1.4009792120612	
128.6	0.93274714184552	1.4062987735287	
128.7	0.96823634163288	1.4121104980133	
128.8	0.99037647825734	1.4182625851846	
128.9	1.0027932685885	1.4246206935042	
129	1.0090668052443	1.4310870744563	
129.1	1.011799566152	1.4376000248226	
129.2	1.0125966692027	1.4441240204221	
129.3	1.012364024353	1.4506396770631	
129.4	1.0115900750059	1.4571367181139	
129.5	1.0105324776487	1.4636097770687	
129.6	1.0093259143686	1.4700560774025	
129.7	1.0080406155678	1.4764741963527	
129.8	1.0067132400843	1.4828634170175	
129.9	1.005362974857	1.4892233908758	
130	1.0039998965358	1.4955539621472	
130.1	1.0026293156688	1.5018550762072	
130.2	1.0012540392727	1.5081267316733	
130.3	0.99987555346279	1.5143689552369	
130.4	0.99849464416922	1.5205817883834	
130.5	0.997111724369	1.5267652803542	
130.6	0.99572700738541	1.532919484397	
130.7	0.99434059908884	1.5390444557598	
130.8	0.9929525471771	1.5451402506113	
130.9	0.99156286763603	1.5512069254566	
131	0.99017155901125	1.5572445368193	
131.1	0.98877861013971	1.5632531410673	
131.2	0.98738400435564	1.5692327943161	
131.3	0.98598772178724	1.5751835523738	
131.4	0.98458974061489	1.5811054707108	
131.5	0.98319003776162	1.5869986044401	
131.6	0.98178858927206	1.5928630083067	
131.7	0.98038537051939	1.5986987366786	
131.8	0.97898035631701	1.6045058435421	
131.9	0.97757352097707	1.6102843824964	
132	0.97616483833919	1.61603440675	
132.1	0.97475428178235	1.6217559691165	
132.2	0.97334182422714	1.6274491220115	
132.3	0.97192743813243	1.6331139174487	
132.4	0.97051109548873	1.6387504070364	
132.5	0.96909276780952	1.6443586419737	
132.6	0.96767242612124	1.6499386730469	
132.7	0.96625004095243	1.6554905506255	
132.8	0.96482558232207	1.6610143246585	
132.9	0.96339901972753	1.66651004467	
133	0.96197032213183	1.6719777597556	
133.1	0.9605394579506	1.6774175185776	
133.2	0.9591063950385	1.6828293693606	
133.3	0.95767110067519	1.6882133598876	
133.4	0.95623354155086	1.6935695374946	
133.5	0.9547936837513	1.6988979490664	
133.6	0.95335149274246	1.7041986410313	
133.7	0.9519069333545	1.7094716593561	
133.8	0.95045996976531	1.7147170495413	
133.9	0.94901056548356	1.7199348566151	
134	0.94755868333107	1.7251251251284	
134.1	0.94610428542467	1.7302878991488	
134.2	0.94464733315748	1.7354232222552	
134.3	0.94318778717942	1.7405311375312	
134.4	0.94172560737721	1.7456116875591	
134.5	0.94026075285363	1.750664914414	
134.6	0.93879318190597	1.7556908596565	
134.7	0.93732285200391	1.7606895643264	
134.8	0.93584971976646	1.7656610689356	
134.9	0.93437374093818	1.770605413461	
135	0.93289487036453	1.7755226373367	
135.1	0.93141306196633	1.780412779447	
135.2	0.92992826871331	1.785275878118	
135.3	0.92844044259668	1.7901119711099	
135.4	0.92694953460075	1.7949210956081	
135.5	0.92545549467341	1.7997032882151	
135.6	0.92395827169563	1.8044585849413	
135.7	0.9224578134497	1.8091870211959	
135.8	0.92095406658637	1.8138886317774	
135.9	0.91944697659072	1.8185634508638	
136	0.91793648774664	1.8232115120025	
136.1	0.91642254310008	1.8278328481	
136.2	0.91490508442077	1.8324274914108	
136.3	0.91338405216244	1.8369954735264	
136.4	0.91185938542158	1.8415368253642	
136.5	0.91033102189439	1.846051577155	
136.6	0.90879889783217	1.8505397584311	
136.7	0.90726294799478	1.8550013980133	
136.8	0.90572310560226	1.8594365239983	
136.9	0.90417930228451	1.8638451637443	
137	0.90263146802874	1.8682273438578	
137.1	0.9010795311249	1.8725830901784	
137.2	0.89952341810872	1.8769124277642	
137.3	0.89796305370228	1.8812153808759	
137.4	0.89639836075219	1.8854919729607	
137.5	0.89482926016493	1.8897422266358	
137.6	0.89325567083951	1.8939661636709	
137.7	0.89167750959709	1.8981638049701	
137.8	0.89009469110752	1.9023351705537	
137.9	0.88850712781259	1.9064802795384	
138	0.88691472984579	1.9105991501176	
138.1	0.88531740494851	1.9146917995408	
138.2	0.88371505838225	1.9187582440914	
138.3	0.88210759283695	1.922798499065	
138.4	0.88049490833483	1.9268125787457	
138.5	0.8788769021299	1.9308004963822	
138.6	0.87725346860255	1.9347622641626	
138.7	0.87562449914912	1.9386978931882	
138.8	0.87398988206615	1.9426073934467	
138.9	0.87234950242892	1.9464907737838	
139	0.87070324196403	1.9503480418736	
139.1	0.8690509789156	1.9541792041885	
139.2	0.86739258790476	1.9579842659672	
139.3	0.865727939782	1.9617632311814	
139.4	0.86405690147188	1.9655161025012	
139.5	0.86237933580984	1.9692428812597	
139.6	0.86069510137027	1.9729435674146	
139.7	0.85900405228569	1.9766181595098	
139.8	0.85730603805612	1.9802666546339	
139.9	0.85560090334827	1.9838890483779	
140	0.85388848778374	1.9874853347904	
140.1	0.85216862571556	1.9910555063313	
140.2	0.85044114599232	1.9945995538226	
140.3	0.84870587170907	1.998117466398	
140.4	0.84696261994396	2.001609231449	
140.5	0.84521120147987	2.0050748345699	
140.6	0.84345142050987	2.0085142594982	
140.7	0.84168307432533	2.0119274880546	
140.8	0.83990595298561	2.0153145000777	
140.9	0.83811983896787	2.0186752733574	
141	0.83632450679574	2.0220097835637	
141.1	0.83451972264511	2.0253180041727	
141.2	0.83270524392555	2.0285999063887	
141.3	0.83088081883544	2.031855459062	
141.4	0.82904618588887	2.0350846286027	
141.5	0.82720107341216	2.0382873788901	
141.6	0.82534519900769	2.041463671177	
141.7	0.82347826898248	2.0446134639891	
141.8	0.82159997773877	2.047736713019	
141.9	0.81971000712351	2.0508333710138	
142	0.81780802573359	2.0539033876575	
142.1	0.8158936881731	2.0569467094457	
142.2	0.81396663425868	2.0599632795538	
142.3	0.8120264881687	2.0629530376975	
142.4	0.81007285753145	2.065915919985	
142.5	0.80810533244717	2.0688518587603	
142.6	0.80612348443821	2.0717607824379	
142.7	0.80412686532104	2.0746426153262	
142.8	0.80211500599303	2.0774972774411	
142.9	0.80008741512663	2.0803246843074	
143	0.79804357776218	2.0831247467479	
143.1	0.79598295379031	2.0858973706586	
143.2	0.7939049763134	2.0886424567699	
143.3	0.79180904987471	2.0913599003911	
143.4	0.78969454854255	2.0940495911389	
143.5	0.78756081383528	2.0967114126465	
143.6	0.78540715247145	2.0993452422532	
143.7	0.78323283392768	2.1019509506723	
143.8	0.78103708778467	2.1045284016349	
143.9	0.77881910083952	2.1070774515086	
144	0.77657801396009	2.1095979488883	
144.1	0.7743129186539	2.1120897341556	
144.2	0.77202285332105	2.1145526390068	
144.3	0.76970679915646	2.1169864859425	
144.4	0.76736367566284	2.1193910877192	
144.5	0.76499233573032	2.1217662467565	
144.6	0.76259156023346	2.1241117544969	
144.7	0.76016005208947	2.126427390713	
144.8	0.75769642971429	2.1287129227571	
144.9	0.75519921980415	2.1309681047474	
145	0.75266684936073	2.1331926766836	
145.1	0.75009763686623	2.1353863634855	
145.2	0.74748978250121	2.1375488739454	
145.3	0.74484135728306	2.1396798995856	
145.4	0.7421502909842	2.1417791134094	
145.5	0.73941435866883	2.1438461685357	
145.6	0.73663116566166	2.1458806967011	
145.7	0.73379813073401	2.147882306616	
145.8	0.73091246725796	2.1498505821568	
145.9	0.72797116203993	2.1517850803739	
146	0.72497095149753	2.1536853292934	
146.1	0.72190829478772	2.1555508254851	
146.2	0.71877934342798	2.1573810313693	
146.3	0.71557990687309	2.1591753722252	
146.4	0.71230541341575	2.1609332328633	
146.5	0.70895086566597	2.1626539539153	
146.6	0.70551078972866	2.1643368276872	
146.7	0.70197917703424	2.1659810935153	
146.8	0.69834941757998	2.1675859325518	
146.9	0.69461422309837	2.1691504618963	
147	0.69076553837737	2.1706737279725	
147.1	0.68679443859939	2.1721546990363	
147.2	0.68269101012895	2.1735922566747	
147.3	0.67844421164083	2.1749851861343	
147.4	0.67404171181711	2.1763321652854	
147.5	0.66946969902065	2.1776317519904	
147.6	0.66471265733311	2.1788823696006	
147.7	0.65975310207552	2.1800822902499	
147.8	0.65457126634319	2.1812296155451	
147.9	0.64914472809793	2.1823222541696	
148	0.64344796486358	2.1833578958152	
148.1	0.63745181992586	2.1843339807243	
148.2	0.63112285997456	2.1852476639717	
148.3	0.62442259912558	2.1860957734115	
148.4	0.61730655795877	2.1868747599693	
148.5	0.60972311828331	2.1875806386489	
148.6	0.60161212443097	2.1882089182352	
148.7	0.59290316959189	2.1887545171839	
148.8	0.58351349071023	2.1892116625868	
148.9	0.573345377613	2.1895737683375	
149	0.56228298173911	2.1898332876928	
149.1	0.55018838859301	2.1899815342909	
149.2	0.53689679974579	2.1900084643411	
149.3	0.52221066334479	2.1899024111777	
149.4	0.5058926140211	2.1896497617832	
149.5	0.48765716771109	2.189234563519	
149.6	0.46716132840883	2.1886380487873	
149.7	0.4439947201671	2.1878380669494	
149.8	0.41767076805789	2.1868084189837	
149.9	0.38762216966396	2.1855181056168	
150	0.3532069722256	2.1839305320494	
150.1	0.31373671419523	2.1820027754416	
150.2	0.26854583390051	2.1796851356449	
150.3	0.21713096252677	2.1769213811448	
150.4	0.15939408404878	2.1736503873172	
150.5	0.096008081002541	2.1698102021894	
150.6	0.028853830402076	2.165345757494	
150.7	-0.038677548961436	2.1602209314042	
150.8	-0.10191406072356	2.1544336035861	
150.9	-0.15601989240943	2.1480283789699	
151	-0.19773458768574	2.1410981090984	
151.1	-0.22658762819343	2.1337680179488	
151.2	-0.24458024858405	2.126167721622	
151.3	-0.25475195057326	2.1184064998321	
151.4	-0.25989428014526	2.1105629640768	
151.5	-0.2620288079119	2.1026876138651	
151.6	-0.26243829544455	2.0948106067513	
151.7	-0.26187924987646	2.08694919728	
151.8	-0.26078086270485	2.0791130317881	
151.9	-0.25938204313672	2.0713074405815	
152	-0.25781472268642	2.0635353515487	
152.1	-0.25615161444536	2.055798365943	
152.2	-0.25443284191159	2.0480973538837	
152.3	-0.25268060486576	2.0404327820798	
152.4	-0.25090722343601	2.032804894076	
152.5	-0.24911955133115	2.0252138096064	
152.6	-0.24732140346251	2.0176595795691	
152.7	-0.24551489656535	2.0101422165856	
152.8	-0.24370119295732	2.0026617120784	
152.9	-0.24188091521938	1.9952180458687	
153	-0.24005437858894	1.9878111916018	
153.1	-0.23822172187113	1.9804411198369	
153.2	-0.2363829815608	1.9731077998186	
153.3	-0.23453813401775	1.9658112005035	
153.4	-0.23268711957472	1.958551291162	
153.5	-0.23082985637281	1.9513280417384	
153.6	-0.22896624832463	1.9441414230703	
153.7	-0.22709618970203	1.9369914070294	
153.8	-0.22521956777278	1.9298779666148	
153.9	-0.22333626430243	1.9228010760205	
154	-0.22144615639205	1.9157607106874	
154.1	-0.21954911692392	1.9087568473468	
154.2	-0.21764501477389	1.9017894640592	
154.3	-0.2157337148828	1.8948585402513	
154.4	-0.21381507824134	1.8879640567519	
154.5	-0.21188896182013	1.8811059958276	
154.6	-0.20995521846406	1.8742843412198	
154.7	-0.20801369676163	1.8674990781821	
154.8	-0.20606424089594	1.860750193519	
154.9	-0.2041066904809	1.8540376756263	
155	-0.20214088038466	1.8473615145324	
155.1	-0.20016664054124	1.8407217019422	
155.2	-0.19818379575083	1.834118231282	
155.3	-0.19619216546852	1.8275510977462	
155.4	-0.19419156358133	1.8210202983472	
155.5	-0.19218179817295	1.8145258319655	
155.6	-0.19016267127557	1.8080676994039	
155.7	-0.18813397860813	1.8016459034426	
155.8	-0.18609550930011	1.7952604488979	
155.9	-0.18404704559988	1.7889113426827	
156	-0.18198836256676	1.78259859387	
156.1	-0.1799192277456	1.7763222137596	
156.2	-0.17783940082267	1.7700822159478	
156.3	-0.17574863326167	1.7638786163997	
156.4	-0.17364666791838	1.757711433526	
156.5	-0.17153323863257	1.7515806882631	
156.6	-0.16940806979538	1.7454864041561	
156.7	-0.16727087589055	1.7394286074477	
156.8	-0.16512136100751	1.7334073271702	
156.9	-0.16295921832428	1.7274225952422	
157	-0.16078412955792	1.7214744465708	
157.1	-0.15859576438009	1.7155629191588	
157.2	-0.156393779795	1.7096880542171	
157.3	-0.15417781947696	1.7038498962837	
157.4	-0.15194751306416	1.6980484933482	
157.5	-0.14970247540546	1.6922838969842	
157.6	-0.14744230575625	1.6865561624876	
157.7	-0.14516658691923	1.6808653490239	
157.8	-0.14287488432572	1.6752115197821	
157.9	-0.14056674505239	1.6695947421394	
158	-0.13824169676812	1.6640150878335	
158.1	-0.13589924660481	1.6584726331463	
158.2	-0.13353887994578	1.6529674590973	
158.3	-0.13116005912438	1.6474996516501	
158.4	-0.12876222202482	1.6420693019298	
158.5	-0.12634478057661	1.6366765064547	
158.6	-0.12390711913256	1.6313213673828	
158.7	-0.1214485927199	1.626003992773	
158.8	-0.11896852515231	1.6207244968639	
158.9	-0.11646620698994	1.6154830003702	
159	-0.11394089333235	1.6102796307994	
159.1	-0.1113918014284	1.6051145227891	
159.2	-0.10881810808456	1.5999878184678	
159.3	-0.10621894685165	1.5948996678408	
159.4	-0.10359340496691	1.5898502292027	
159.5	-0.10094052002646	1.58483966958	
159.6	-0.098259276359303	1.5798681652058	
159.7	-0.095548601071147	1.5749359020292	
159.8	-0.092807359722046	1.5700430762634	
159.9	-0.090034351597401	1.5651898949755	
160	-0.087228304526689	1.5603765767221	
160.1	-0.084387869198294	1.555603352235	
160.2	-0.081511612912048	1.5508704651625	
160.3	-0.078598012703168	1.5461781728704	
160.4	-0.075645447762259	1.5415267473112	
160.5	-0.072652191065576	1.5369164759653	
160.6	-0.069616400117607	1.5323476628647	
160.7	-0.066536106693995	1.5278206297064	
160.8	-0.063409205456431	1.5233357170652	
160.9	-0.060233441292105	1.518893285718	
161	-0.057006395207985	1.5144937180908	
161.1	-0.053725468584084	1.5101374198435	
161.2	-0.050387865559198	1.505824821608	
161.3	-0.046990573286453	1.5015563808984	
161.4	-0.043530339753336	1.4973325842133	
161.5	-0.040003648810351	1.4931539493552	
161.6	-0.036406691992433	1.4890210279937	
161.7	-0.032735336645798	1.4849344085038	
161.8	-0.028985089787514	1.4808947191161	
161.9	-0.025151057022818	1.4769026314204	
162	-0.021227895722204	1.4729588642717	
162.1	-0.017209761512086	1.4690641881538	
162.2	-0.013090246953413	1.4652194300682	
162.3	-0.008862311064863	1.4614254790235	
162.4	-0.0045181980819729	1.4576832922153	
162.5	-4.9343519253285e-05	1.453993902004	
162.6	0.0045537347955024	1.4503584238138	
162.7	0.0093015635354109	1.4467780651022	
162.8	0.014205861963353	1.4432541355748	
162.9	0.019279715472732	1.4397880588555	
163	0.024537779692604	1.4363813858631	
163.1	0.029996521438528	1.4330358101953	
163.2	0.035674504256707	1.4297531858842	
163.3	0.041592728154931	1.4265355479621	
163.4	0.047775035445674	1.4233851363737	
163.49999999999	0.054248597581866	1.4203044238873	
163.59999999999	0.06104450162146	1.4172961488034	
163.69999999999	0.068198459741016	1.4143633534476	
163.79999999999	0.075751671322213	1.4115094296614	
163.89999999999	0.083751874926693	1.4087381728004	
163.99999999999	0.092254637410962	1.4060538461177	
164.09999999999	0.10132494006398	1.4034612578765	
164.19999999999	0.11103913760273	1.4009658541325	
164.29999999999	0.12148738577643	1.3985738308732	
164.39999999999	0.13277665770181	1.3962922701537	
164.49999999999	0.14503449786513	1.3941293060554	
164.59999999999	0.15841369469509	1.3920943277689	
164.69999999999	0.17309808364235	1.3901982288964	
164.79999999999	0.18930971286399	1.3884537141606	
164.89999999999	0.20731759127771	1.3868756770038	
164.99999999999	0.22744814948535	1.3854816637241	
165.09999999999	0.25009729005346	1.3842924410596	
165.19999999999	0.27574331692299	1.3833326828575	
165.29999999999	0.304958804413	1.3826317843196	
165.39999999999	0.33841705062719	1.3822247929029	
165.49999999999	0.37688428137372	1.382153401427	
165.59999999999	0.42118104240018	1.3824668607371	
165.69999999999	0.47208432956367	1.3832225040093	
165.79999999999	0.53012764055383	1.3844852910449	
165.89999999999	0.59524985852457	1.3863253542228	
165.99999999999	0.66627696944432	1.3888120394225	
166.09999999999	0.74035216520215	1.3920027790184	
166.19999999999	0.81269960354448	1.3959262937229	
166.29999999999	0.8773501696612	1.400563474024	
166.39999999999	0.92911792359972	1.4058355670356	
166.49999999999	0.96583631126008	1.411612157354	
166.59999999999	0.98895989291571	1.4177414900732	
166.69999999999	1.0020386751361	1.4240867352772	
166.79999999999	1.0087086451741	1.4305469051903	
166.89999999999	1.011662685617	1.4370576243791	
166.99999999999	1.0125787041585	1.4435816071743	
167.09999999999	1.0124088188362	1.450098440198	
167.19999999999	1.011667771147	1.4565972822858	
167.29999999999	1.0106274216559	1.4630724667916	
167.39999999999	1.0094299401035	1.4695210598412	
167.49999999999	1.008149464218	1.4759415565926	
167.59999999999	1.0068246859637	1.4823331973433	
167.69999999999	1.0054758510897	1.4886956112096	
167.79999999999	1.0041135891839	1.4950286306925	
167.89999999999	1.0027435006424	1.5013321950076	
167.99999999999	1.0013685450717	1.5076062995265	
168.09999999999	0.99999028928538	1.5138509692284	
168.19999999999	0.99860956209454	1.5200662446982	
168.29999999999	0.99722679937457	1.5262521747074	
168.39999999999	0.9958422267395	1.5324088122643	
168.49999999999	0.99445595669361	1.5385362125011	
168.59999999999	0.99306804053801	1.5446344315368	
168.69999999999	0.99167849623082	1.5507035258633	
168.79999999999	0.99028732340825	1.5567435520109	
168.89999999999	0.98889451151914	1.562754566365	
168.99999999999	0.98750004424871	1.5687366250643	
169.09999999999	0.9861039019334	1.5746897839441	
169.19999999999	0.98470606288353	1.5806140985036	
169.29999999999	0.98330650410914	1.5865096238861	
169.39999999999	0.98190520171827	1.5923764148675	
169.49999999999	0.98050213113472	1.5982145258475	
169.59999999999	0.97909726721565	1.6040240108443	
169.69999999999	0.97769058431352	1.6098049234893	
169.79999999999	0.9762820563066	1.6155573170237	
169.89999999999	0.97487165661201	1.6212812442942	
169.99999999999	0.97345935818851	1.6269767577496	
170.09999999999	0.9720451335336	1.6326439094371	
170.19999999999	0.97062895467704	1.6382827509989	
170.29999999999	0.96921079317236	1.6438933336681	
170.39999999999	0.96779062008689	1.6494757082657	
170.49999999999	0.966368405991	1.6550299251959	
170.59999999999	0.96494412094654	1.6605560344428	
170.69999999999	0.96351773449469	1.6660540855662	
170.79999999999	0.96208921564343	1.6715241276972	
170.89999999999	0.96065853285441	1.6769662095344	
170.99999999999	0.95922565402946	1.6823803793391	
171.09999999999	0.95779054649662	1.6877666849311	
171.19999999999	0.95635317699566	1.6931251736837	
171.29999999999	0.95491351166321	1.6984558925194	
171.39999999999	0.95347151601737	1.7037588879048	
171.49999999999	0.95202715494178	1.7090342058452	
171.59999999999	0.95058039266923	1.71428189188	
171.69999999999	0.9491311927647	1.719501991077	
171.79999999999	0.9476795181078	1.7246945480269	
171.89999999999	0.94622533087472	1.729859606838	
171.99999999999	0.94476859251947	1.7349972111296	
172.09999999999	0.94330926375455	1.740107404027	
172.19999999999	0.94184730453093	1.7451902281545	
172.29999999999	0.94038267401736	1.7502457256294	
172.39999999999	0.93891533057899	1.7552739380555	
172.49999999999	0.93744523175517	1.7602749065161	
172.59999999999	0.93597233423655	1.7652486715674	
172.69999999999	0.93449659384134	1.7701952732308	
172.79999999999	0.93301796549074	1.7751147509862	
172.89999999999	0.93153640318344	1.7800071437636	
172.99999999999	0.93005185996931	1.784872489936	
173.09999999999	0.928564287922	1.7897108273109	
173.19999999999	0.92707363811065	1.7945221931218	
173.29999999999	0.92557986057052	1.7993066240201	
173.39999999999	0.92408290427246	1.8040641560658	
173.49999999999	0.92258271709139	1.8087948247184	
173.59999999999	0.92107924577344	1.8134986648275	
173.69999999999	0.91957243590195	1.8181757106231	
173.79999999999	0.9180622318621	1.8228259957056	
173.89999999999	0.91654857680422	1.827449553035	
173.99999999999	0.91503141260566	1.8320464149204	
174.09999999999	0.91351067983115	1.8366166130092	
174.19999999999	0.91198631769166	1.841160178275	
174.29999999999	0.91045826400152	1.8456771410062	
174.39999999999	0.90892645513394	1.8501675307937	
174.49999999999	0.90739082597461	1.854631376518	
174.59999999999	0.90585130987354	1.8590687063365	
174.69999999999	0.90430783859481	1.8634795476694	
174.79999999999	0.90276034226431	1.8678639271862	
174.89999999999	0.90120874931528	1.8722218707908	
174.99999999999	0.89965298643153	1.876553403607	
175.09999999999	0.89809297848832	1.8808585499623	
175.19999999999	0.89652864849063	1.8851373333723	
175.29999999999	0.89495991750881	1.8893897765238	
175.39999999999	0.89338670461148	1.8936159012575	
175.49999999999	0.89180892679532	1.8978157285505	
175.59999999999	0.89022649891198	1.9019892784971	
175.69999999999	0.88863933359155	1.90613657029	
175.79999999999	0.88704734116261	1.9102576222002	
175.89999999999	0.88545042956878	1.9143524515563	
175.99999999999	0.88384850428123	1.9184210747231	
176.09999999999	0.88224146820734	1.9224635070791	
176.19999999999	0.88062922159497	1.9264797629935	
176.29999999999	0.87901166193227	1.9304698558019	
176.39999999999	0.87738868384274	1.9344337977817	
176.49999999999	0.87576017897522	1.9383716001257	
176.59999999999	0.87412603588859	1.9422832729152	
176.69999999999	0.87248613993076	1.9461688250918	
176.79999999999	0.87084037311184	1.9500282644283	
176.89999999999	0.86918861397081	1.9538615974984	
176.99999999999	0.86753073743562	1.9576688296443	
177.09999999999	0.86586661467613	1.9614499649446	
177.19999999999	0.86419611294952	1.965205006179	
177.29999999999	0.86251909543767	1.968933954793	
177.39999999999	0.86083542107613	1.9726368108604	
177.49999999999	0.85914494437391	1.976313573044	
177.59999999999	0.8574475152238	1.9799642385552	
177.69999999999	0.85574297870236	1.983588803111	
177.79999999999	0.85403117485909	1.9871872608903	
177.89999999999	0.85231193849399	1.9907596044866	
177.99999999999	0.85058509892271	1.9943058248604	
178.09999999999	0.84885047972859	1.9978259112874	
178.19999999999	0.84710789850056	2.0013198513065	
178.29999999999	0.84535716655602	2.0047876306632	
178.39999999999	0.84359808864769	2.0082292332521	
178.49999999999	0.84183046265322	2.0116446410555	
178.59999999999	0.84005407924644	2.0150338340794	
178.69999999999	0.83826872154894	2.0183967902866	
178.79999999999	0.83647416476045	2.0217334855264	
178.89999999999	0.83467017576668	2.0250438934602	
178.99999999999	0.8328565127228	2.0283279854842	
179.09999999999	0.83103292461083	2.0315857306477	
179.19999999999	0.82919915076896	2.0348170955672	
179.29999999999	0.82735492039071	2.038022044336	
179.39999999999	0.82549995199157	2.0412005384291	
179.49999999999	0.82363395284056	2.0443525366029	
179.59999999999	0.82175661835414	2.0474779947898	
179.69999999999	0.81986763144923	2.0505768659864	
179.79999999999	0.81796666185223	2.0536491001359	
179.89999999999	0.81605336536042	2.0566946440041	
179.99999999999	0.81412738305183	2.0597134410477	
180.09999999999	0.81218834043919	2.0627054312756	
180.19999999999	0.81023584656343	2.0656705511018	
180.29999999999	0.80826949302145	2.0686087331897	
180.39999999999	0.80628885292242	2.0715199062869	
180.49999999999	0.80429347976658	2.0744039950504	
180.59999999999	0.80228290623942	2.0772609198604	
180.69999999999	0.8002566429138	2.0800905966232	
180.79999999999	0.79821417685161	2.0828929365608	
180.89999999999	0.79615497009566	2.0856678459879	
180.99999999999	0.79407845804166	2.0884152260739	
181.09999999999	0.79198404767882	2.0911349725891	
181.19999999999	0.78987111568659	2.0938269756344	
181.29999999999	0.78773900637345	2.0964911193522	
181.39999999999	0.78558702944225	2.0991272816175	
181.49999999999	0.7834144575648	2.1017353337079	
181.59999999999	0.78122052374629	2.1043151399493	
181.69999999999	0.77900441845791	2.1068665573369	
181.79999999999	0.7767652865137	2.1093894351281	
181.89999999999	0.77450222366433	2.1118836144054	
181.99999999999	0.77221427287747	2.1143489276061	
182.09999999999	0.76990042027068	2.1167851980158	
182.19999999999	0.76755959065834	2.1191922392235	
182.29999999999	0.7651906426691	2.121569854532	
182.39999999999	0.76279236338507	2.1239178363224	
182.49999999999	0.7603634624472	2.1262359653654	
182.59999999999	0.75790256556398	2.1285240100765	
182.69999999999	0.75540820735212	2.1307817257069	
182.79999999999	0.75287882342804	2.1330088534662	
182.89999999999	0.75031274165745	2.1352051195668	
182.99999999999	0.7477081724573	2.1373702341845	
183.09999999999	0.74506319802904	2.1395038903236	
183.19999999999	0.74237576038421	2.1416057625781	
183.29999999999	0.73964364800273	2.1436755057755	
183.39999999999	0.73686448093987	2.145712753491	
183.49999999999	0.73403569416954	2.1477171164167	
183.59999999999	0.73115451891784	2.1496881805674	
183.69999999999	0.72821796170173	2.1516255053051	
183.79999999999	0.72522278074094	2.1535286211589	
183.89999999999	0.72216545935614	2.1553970274134	
183.99999999999	0.71904217590103	2.1572301894384	
184.09999999999	0.71584876969817	2.1590275357238	
184.19999999999	0.71258070235511	2.1607884545815	
184.29999999999	0.70923301372626	2.1625122904686	
184.39999999999	0.70580027165179	2.1641983398797	
184.49999999999	0.70227651444372	2.1658458467465	
184.59999999999	0.69865518489437	2.1674539972741	
184.69999999999	0.69492905434578	2.1690219141299	
184.79999999999	0.69109013507108	2.170548649888	
184.89999999999	0.68712957886759	2.172033179614	
184.99999999999	0.6830375593312	2.1734743924536	
185.09999999999	0.67880313475313	2.1748710820658	
185.19999999999	0.67441408792809	2.1762219357082	
185.29999999999	0.6698567383567	2.1775255217482	
185.39999999999	0.66511572132355	2.1787802753274	
185.49999999999	0.66017372708592	2.1799844818523	
185.59999999999	0.65501119185052	2.1811362579185	
185.69999999999	0.64960593026477	2.1822335291922	
185.79999999999	0.64393269669826	2.1832740046719	
185.89999999999	0.63796265950622	2.1842551466272	
185.99999999999	0.63166276857812	2.1851741353557	
186.09999999999	0.62499499157094	2.1860278277031	
186.19999999999	0.61791538804379	2.1868127080495	
186.29999999999	0.61037298293525	2.1875248301598	
186.39999999999	0.60230839109337	2.1881597479138	
186.49999999999	0.59365213249389	2.1887124324549	
186.59999999999	0.58432256302031	2.1891771726987	
186.69999999999	0.57422332806742	2.1895474553972	
186.79999999999	0.56324022609176	2.1898158200394	
186.89999999999	0.55123734796363	2.1899736827502	
186.99999999999	0.53805233918948	2.190011122023	
187.09999999999	0.5234906237594	2.1899166176098	
187.19999999999	0.50731844691387	2.1896767323034	
187.29999999999	0.48925467162794	2.1892757249418	
187.39999999999	0.46896146100989	2.1886950823457	
187.49999999999	0.44603440834407	2.1879129592499	
187.59999999999	0.41999353803932	2.1869035209352	
187.69999999999	0.39027823344945	2.1856361975133	
187.79999999999	0.35625208249372	2.184074889354	
187.89999999999	0.3172285760565	2.1821772229555	
187.99999999999	0.27253612274645	2.1798940656587	
188.09999999999	0.22165023794875	2.177169691722	
188.19999999999	0.16442690406335	2.1739432698722	
188.29999999999	0.10145840571267	2.1701526807382	
188.39999999999	0.034509615123838	2.1657418830935	
188.49999999999	-0.033155600480789	2.160672624537	
188.59999999999	-0.096942247422924	2.1549393869708	
188.69999999999	-0.15196476222018	2.1485826160292	
188.79999999999	-0.19476879370335	2.1416915118669	
188.89999999999	-0.22464105385385	2.1343895951502	
188.99999999999	-0.24342488049587	2.1268072106238	
189.09999999999	-0.25413158519727	2.1190559437922	
189.19999999999	-0.25960375326554	2.1112169880808	
189.29999999999	-0.2619306228356	2.1033429080779	
189.39999999999	-0.26244895195083	2.0954652445794	
189.49999999999	-0.26195065995813	2.0876020919484	
189.59999999999	-0.26088607000627	2.079763580119	
189.69999999999	-0.25950612263673	2.0719553104686	
189.79999999999	-0.25794944642256	2.0641803609661	
189.89999999999	-0.25629244648122	2.0564404155994	
189.99999999999	-0.2545772762363	2.0487363900956	
190.09999999999	-0.25282725277319	2.041068776358	
190.19999999999	-0.25105531315422	2.0334378318894	
190.29999999999	-0.24926865321277	2.0258436841781	
190.39999999999	-0.24747127854031	2.0182863884356	
190.49999999999	-0.24566541273018	2.0107659596791	
190.59999999999	-0.24385227833955	2.0032823906526	
190.69999999999	-0.2420325321296	1.9958356618925	
190.79999999999	-0.24020650887574	1.9884257474165	
190.89999999999	-0.23837435865136	1.9810526179592	
190.99999999999	-0.23653612452541	1.9737162428278	
191.09999999999	-0.23469178675445	1.9664165909755	
191.19999999999	-0.23284128803427	1.9591536316305	
191.29999999999	-0.23098454798734	1.9519273346711	
191.39999999999	-0.22912147149972	1.9447376708545	
191.49999999999	-0.22725195352425	1.9375846119624	
191.59999999999	-0.22537588184209	1.9304681308972	
191.69999999999	-0.2234931386375	1.9233882017516	
191.79999999999	-0.22160360137832	1.9163447998608	
191.89999999999	-0.21970714328711	1.9093379018474	
191.99999999999	-0.21780363356868	1.9023674856599	
192.09999999999	-0.21589293749075	1.8954335306101	
192.19999999999	-0.21397491637456	1.8885360174086	
192.29999999999	-0.21204942752867	1.8816749282014	
192.39999999999	-0.21011632414576	1.8748502466056	
192.49999999999	-0.20817545517375	1.8680619577476	
192.59999999999	-0.20622666516816	1.8613100483015	
192.69999999999	-0.20426979412943	1.8545945065291	
192.79999999999	-0.20230467732739	1.8479153223214	
192.89999999999	-0.20033114511386	1.8412724872424	
192.99999999999	-0.19834902272384	1.8346659945731	
193.09999999999	-0.19635813006527	1.8280958393595	
193.19999999999	-0.194358281497	1.8215620184604	
193.29999999999	-0.19234928559461	1.8150645305993	
193.39999999999	-0.19033094490332	1.8086033764168	
193.49999999999	-0.18830305567743	1.8021785585268	
193.59999999999	-0.18626540760526	1.7957900815737	
193.69999999999	-0.18421778351896	1.7894379522937	
193.79999999999	-0.18215995908785	1.7831221795778	
193.89999999999	-0.18009170249454	1.7768427745379	
193.99999999999	-0.1780127740924	1.7705997505766	
194.09999999999	-0.17592292604332	1.7643931234593	
194.19999999999	-0.17382190193417	1.7582229113902	
194.29999999999	-0.17170943637062	1.7520891350924	
194.39999999999	-0.16958525454669	1.7459918178909	
194.49999999999	-0.16744907178819	1.7399309858007	
194.59999999999	-0.16530059306822	1.7339066676184	
194.69999999999	-0.1631395124927	1.7279188950186	
194.79999999999	-0.16096551275356	1.7219677026562	
194.89999999999	-0.15877826454735	1.716053128272	
194.99999999999	-0.1565774259564	1.7101752128058	
195.09999999999	-0.15436264178981	1.7043340005143	
195.19999999999	-0.15213354288109	1.6985295390951	
195.29999999999	-0.14988974533893	1.6927618798185	
195.39999999999	-0.14763084974742	1.6870310776656	
195.49999999999	-0.14535644031167	1.6813371914739	
195.59999999999	-0.14306608394416	1.6756802840921	
195.69999999999	-0.1407593292871	1.6700604225425	
195.79999999999	-0.1384357056653	1.6644776781932	
195.89999999999	-0.13609472196353	1.6589321269411	
195.99999999999	-0.13373586542206	1.6534238494041	
196.09999999999	-0.13135860034302	1.6479529311264	
196.19999999999	-0.12896236669972	1.6425194627951	
196.29999999999	-0.12654657864022	1.6371235404712	
196.39999999999	-0.12411062287548	1.6317652658336	
196.49999999999	-0.12165385694143	1.6264447464402	
196.59999999999	-0.1191756073231	1.6211620960047	
196.69999999999	-0.11667516742773	1.6159174346915	
196.79999999999	-0.1141517953923	1.6107108894305	
196.89999999999	-0.11160471170924	1.605542594253	
196.99999999999	-0.10903309665233	1.6004126906503	
197.09999999999	-0.10643608748256	1.5953213279571	
197.19999999999	-0.10381277541162	1.5902686637624	
197.29999999999	-0.10116220229774	1.5852548643489	
197.39999999999	-0.098483357045695	1.580280105165	
197.49999999999	-0.0957751716794	1.5753445713316	
197.59999999999	-0.093036517051481	1.5704484581865	
197.69999999999	-0.090266198149757	1.5655919718705	
197.79999999999	-0.087462948955449	1.5607753299594	
197.89999999999	-0.084625426802061	1.5559987621449	
197.99999999999	-0.081752206177075	1.5512625109715	
198.09999999999	-0.078841771900911	1.5465668326323	
198.19999999999	-0.075892511608586	1.5419119978317	
198.29999999999	-0.072902707449204	1.5372982927211	
198.39999999999	-0.069870526906425	1.5327260199148	
198.49999999999	-0.06679401262916	1.5281954995959	
198.59999999999	-0.063671071145625	1.5237070707207	
198.69999999999	-0.060499460314985	1.5192610923324	
198.79999999999	-0.057276775348899	1.5148579449984	
198.89999999999	-0.054000433209436	1.5104980323824	
198.99999999999	-0.05066765515959	1.5061817829694	
199.09999999999	-0.047275447206982	1.5019096519604	
199.19999999999	-0.043820578139241	1.4976821233584	
199.29999999999	-0.040299554799752	1.4934997122686	
199.39999999999	-0.036708594193298	1.4893629674399	
199.49999999999	-0.033043591940704	1.4852724740794	
199.59999999999	-0.02930008651748	1.4812288569748	
199.69999999999	-0.025473218610711	1.4772327839672	
199.79999999999	-0.021557684807352	1.4732849698212	
199.89999999999	-0.017547684681149	1.4693861805485	
199.99999999999	-0.013436860168834	1.4655372382503	
