0.2	0.94215009952564	0.018749255711953	
0.4	1.110288264563	0.040751264679814	
0.6	1.1755465700215	0.063942483661933	
0.8	1.1978570635783	0.087462313366665	
1	1.2041781168246	0.11099092109767	
1.2	1.2047620495394	0.1344140916303	
1.4	1.2033080205841	0.1576917930766	
1.6	1.2011304870233	0.18081035106176	
1.8	1.1986953769251	0.20376543144305	
2	1.1961681737365	0.22655601484356	
2.2	1.1936078539441	0.24918226061934	
2.4	1.1910355107045	0.27164474709795	
2.6	1.188458706598	0.29394420022876	
2.8	1.1858801500056	0.31608139624764	
3	1.1833007997315	0.33805712660922	
3.2	1.1807209808861	0.35987218530044	
3.4	1.1781407877782	0.38152736423483	
3.6	1.1755602300379	0.4030234515777	
3.8	1.1729792858503	0.42436123113901	
4	1.1703979214316	0.44554148215686	
4.2	1.1678160981818	0.46656497922437	
4.4	1.1652337753175	0.48743249226937	
4.6	1.162650910839	0.50814478655339	
4.8	1.1600674618816	0.52870262267763	
5	1.1574833848361	0.5491067565914	
5.2	1.1548986353844	0.56935793960108	
5.4	1.1523131685014	0.58945691837921	
5.6	1.1497269384453	0.60940443497325	
5.8	1.1471398987419	0.62920122681402	
6	1.1445520021669	0.64884802672374	
6.2	1.1419632007272	0.66834556292366	
6.4	1.1393734456406	0.68769455904127	
6.6	1.1367826873157	0.706895734117	
6.8	1.1341908753298	0.72594980261054	
7	1.1315979584077	0.74485747440666	
7.2	1.1290038843981	0.76361945482052	
7.4	1.1264086002502	0.78223644460251	
7.6	1.1238120519893	0.80070913994258	
7.8	1.1212141846915	0.81903823247404	
8	1.1186149424577	0.83722440927681	
8.2	1.1160142683859	0.85526835288013	
8.4	1.1134121045439	0.87317074126469	
8.6	1.1108083919396	0.89093224786416	
8.8	1.1082030704912	0.90855354156615	
9	1.1055960789961	0.92603528671251	
9.2	1.1029873550984	0.94337814309898	
9.4	1.1003768352552	0.96058276597422	
9.6	1.0977644547021	0.97764980603807	
9.8	1.0951501474173	0.99457990943922	
10	1.0925338460834	1.011373717772	
10.2	1.0899154820494	1.0280318680726	
10.4	1.0872949852899	1.0445549928144	
10.6	1.0846722843632	1.0609437199021	
10.8	1.0820473063679	1.0771986726662	
11	1.0794199768976	1.0933204698548	
11.2	1.0767902199937	1.1093097256266	
11.4	1.0741579580967	1.1251670495408	
11.6	1.0715231119951	1.140893046548	
11.8	1.0688856007725	1.1564883169785	
12	1.0662453417526	1.1719534565309	
12.2	1.0636022504415	1.1872890562585	
12.4	1.0609562404679	1.202495702555	
12.6	1.058307223521	1.2175739771398	
12.8	1.0556551092853	1.2325244570403	
13	1.0529998053728	1.2473477145748	
13.2	1.0503412172522	1.2620443173332	
13.4	1.0476792481754	1.276614828156	
13.6	1.0450137990999	1.2910598051124	
13.8	1.0423447686088	1.3053798014772	
14	1.0396720528264	1.3195753657052	
14.2	1.0369955453302	1.3336470414048	
14.4	1.0343151370591	1.3475953673094	
14.6	1.031630716217	1.3614208772475	
14.8	1.0289421681719	1.3751241001104	
15	1.026249375351	1.3887055598183	
15.2	1.0235522171293	1.4021657752845	
15.4	1.0208505697146	1.4155052603769	
15.6	1.0181443060252	1.428724523878	
15.8	1.015433295563	1.4418240694421	
16	1.0127174042795	1.4548043955499	
16.2	1.0099964944351	1.4676659954613	
16.4	1.0072704244516	1.4804093571645	
16.6	1.004539048757	1.493034963323	
16.8	1.0018022176219	1.5055432912194	
17	0.99905977698804	1.5179348126956	
17.2	0.99631156828688	1.5302099940909	
17.4	0.99355742824922	1.542369296175	
17.6	0.99079718870401	1.5544131740787	
17.8	0.98803067636632	1.56634207722	
18	0.9852577126135	1.5781564492261	
18.2	0.98247811324875	1.5898567278518	
18.4	0.97969168825132	1.6014433448924	
18.6	0.97689824151221	1.6129167260922	
18.8	0.9740975705547	1.624277291048	
19	0.9712894662382	1.6355254531072	
19.2	0.96847371244457	1.6466616192598	
19.4	0.96565008574544	1.6576861900246	
19.6	0.96281835504922	1.668599559329	
19.8	0.9599782812262	1.6794021143816	
20	0.95712961671015	1.6900942355381	
20.2	0.95427210507459	1.7006762961588	
20.4	0.95140548058178	1.7111486624581	
20.6	0.94852946770218	1.7215116933454	
20.8	0.94564378060225	1.7317657402562	
21	0.94274812259772	1.7419111469733	
21.2	0.93984218556981	1.7519482494375	
21.4	0.93692564934105	1.7618773755466	
21.6	0.93399818100752	1.771698844942	
21.8	0.93105943422358	1.7814129687826	
22	0.92810904843512	1.7910200495038	
22.2	0.92514664805673	1.8005203805621	
22.4	0.9221718415878	1.809914246163	
22.6	0.91918422066194	1.8192019209714	
22.8	0.91618335902375	1.8283836698029	
23	0.91316881142592	1.8374597472949	
23.2	0.91014011243926	1.8464303975559	
23.4	0.90709677516724	1.8552958537903	
23.6	0.90403828985559	1.8640563378979	
23.8	0.90096412238655	1.8727120600455	
24	0.89787371264618	1.8812632182073	
24.2	0.89476647275145	1.889709997674	
24.4	0.8916417851226	1.8980525705238	
24.6	0.88849900038421	1.9062910950562	
24.8	0.88533743507634	1.9144257151818	
25	0.88215636915488	1.9224565597661	
25.2	0.87895504325733	1.9303837419217	
25.4	0.87573265570714	1.9382073582446	
25.6	0.87248835922619	1.9459274879892	
25.8	0.86922125732057	1.9535441921747	
26	0.8659304003002	1.9610575126176	
26.2	0.86261478088695	1.9684674708809	
26.4	0.8592733293593	1.9757740671325	
26.6	0.85590490817405	1.9829772789014	
26.8	0.85250830599624	1.9900770597228	
27	0.84908223105788	1.9970733376556	
27.2	0.84562530375362	2.0039660136624	
27.4	0.84213604836618	2.0107549598306	
27.6	0.83861288379713	2.0174400174194	
27.8	0.83505411315703	2.024020994709	
28	0.83145791204402	2.0304976646267	
28.2	0.82782231530921	2.0368697621223	
28.4	0.82414520207103	2.0431369812575	
28.6	0.82042427869591	2.0492989719715	
28.8	0.81665705940924	2.0553553364773	
29	0.81284084413423	2.0613056252338	
29.2	0.80897269307597	2.0671493324332	
29.4	0.80504939746796	2.0728858909279	
29.6	0.80106744577529	2.0785146665109	
29.8	0.79702298449447	2.0840349514435	
30	0.79291177249731	2.0894459571079	
30.2	0.78872912762326	2.0947468056322	
30.4	0.78446986391626	2.099936520309	
30.6	0.78012821750879	2.1050140145863	
30.8	0.77569775865011	2.1099780793625	
31	0.77117128672057	2.1148273682556	
31.2	0.76654070422001	2.1195603804378	
31.4	0.76179686459392	2.124175440527	
31.6	0.75692938727112	2.128670674898	
31.8	0.75192643129018	2.1330439836057	
32	0.74677441619504	2.1372930068952	
32.2	0.74145767519546	2.1414150849742	
32.4	0.73595802050065	2.1454072093375	
32.6	0.73025419362671	2.1492659633931	
32.8	0.72432116342101	2.1529874494145	
33	0.71812922012365	2.1565671978278	
33.2	0.71164279279785	2.1600000534167	
33.4	0.70481888643757	2.1632800309905	
33.6	0.6976049884208	2.1664001301083	
33.8	0.68993622256527	2.1693520940892	
34	0.68173141751483	2.1721260919796	
34.2	0.67288757822851	2.1747102920837	
34.4	0.6632719587346	2.1770902798592	
34.6	0.65271044774314	2.1792482475761	
34.8	0.64097014207638	2.1811618412116	
35	0.62773250374803	2.1828024788922	
35.2	0.61255080766478	2.1841328308911	
35.4	0.59478057514967	2.1851029277555	
35.6	0.57346220452391	2.1856439520861	
35.8	0.54711731209694	2.1856580082878	
36	0.5133906974662	2.1850008181496	
36.2	0.46844443839445	2.1834524447018	
36.4	0.40615142747486	2.1806721127006	
36.6	0.3182827769809	2.1761569833292	
36.8	0.20053679253501	2.1693211136118	
37	0.066486422745977	2.159851584146	
37.2	-0.054288011251196	2.1480256954438	
37.4	-0.14196407762185	2.1345138446681	
37.6	-0.196348704844	2.1199869359657	
37.8	-0.22657557762118	2.1049307715102	
38	-0.24184061790429	2.0896457326686	
38.2	-0.24854280187137	2.074303361973	
38.4	-0.25052619389003	2.0589978502312	
38.6	-0.24994949258969	2.0437799612902	
38.8	-0.24798768937264	2.028676823715	
39	-0.24527184446559	2.0137028726069	
39.2	-0.24213941382406	1.9988657556139	
39.4	-0.23877085997212	1.9841694909858	
39.6	-0.23526285835539	1.9696161530649	
39.8	-0.23166727076908	1.9552067737859	
40	-0.22801188241089	1.9409418270052	
40.2	-0.224311464367	1.926821490268	
40.4	-0.22057370019833	1.9128457873282	
40.6	-0.21680237714395	1.8990146664536	
40.8	-0.21299911359525	1.8853280439622	
41	-0.20916429895787	1.8717858288391	
41.2	-0.20529760710671	1.8583879370121	
41.4	-0.20139827744653	1.8451342999635	
41.6	-0.1974652683809	1.8320248702447	
41.8	-0.19349734012756	1.8190596253156	
42	-0.189493097985	1.8062385705035	
42.2	-0.18545101312498	1.7935617415333	
42.4	-0.18136943031567	1.7810292068926	
42.6	-0.17724656775658	1.7686410701865	
42.8	-0.17308051186032	1.7563974725864	
43	-0.16886920849886	1.7442985954392	
43.2	-0.16461045147924	1.7323446630942	
43.4	-0.16030186857233	1.7205359459927	
43.6	-0.1559409051467	1.7088727640695	
43.8	-0.15152480527912	1.6973554905113	
44	-0.14705059007869	1.6859845559301	
44.2	-0.14251503284608	1.6747604530081	
44.4	-0.1379146305759	1.6636837416882	
44.6	-0.1332455711872	1.6527550549895	
44.8	-0.12850369572374	1.6419751055473	
45	-0.12368445459377	1.6313446929904	
45.2	-0.11878285670599	1.6208647122949	
45.4	-0.11379341009309	1.6105361632766	
45.6	-0.10871005227757	1.6003601614239	
45.8	-0.10352606820686	1.5903379503083	
46	-0.098233993033667	1.5804709158682	
46.2	-0.092825496304761	1.5707606029275	
46.4	-0.087291243190132	1.5612087343918	
46.6	-0.081620727158103	1.5518172336802	
46.8	-0.075802066872476	1.5425882510873	
47	-0.069821757901801	1.5335241949545	
47.2	-0.06366436686887	1.5246277687732	
47.4	-0.057312151611508	1.5159020156627	
47.6	-0.050744585304997	1.5073503720961	
47.8	-0.04393775461273	1.4989767333372	
48	-0.036863590727235	1.4907855338534	
48.2	-0.02948887601223	1.4827818470976	
48.4	-0.021773945314678	1.4749715106382	
48.6	-0.013670965833827	1.467361284897	
48.8	-0.0051216261329832	1.4599590570889	
49	0.0039460174561894	1.4527741069035	
49.2	0.01362191868771	1.4458174579873	
49.4	0.02402023487084	1.4391023509301	
49.6	0.035288274421576	1.4326448919587	
49.8	0.047619727299706	1.4264649616962	
50	0.061274740919037	1.42058751892	
50.2	0.076611271499897	1.4150445217413	
50.4	0.094135622989169	1.4098778449762	
50.6	0.11458677614721	1.4051438611932	
50.8	0.1390822395138	1.4009209014761	
51	0.16937873031832	1.3973218667487	
51.2	0.20834581399017	1.3945162020184	
51.4	0.26078870479721	1.3927681354367	
51.6	0.33448800667627	1.3924954184717	
51.8	0.43916165706268	1.3943071160094	
52	0.57557406604695	1.3988244749515	
52.2	0.71937401132657	1.4061810499283	
52.4	0.83682059844617	1.4158382705446	
52.6	0.91487929319625	1.4270008521477	
52.8	0.96005813053931	1.4390069798592	
53	0.98383177834234	1.451426483011	
53.2	0.99525622032274	1.4640115496691	
53.4	0.99996351656596	1.4766276815925	
53.6	1.0011159750935	1.4892039811884	
53.8	1.0004078604742	1.5017036202964	
54	0.99872803156437	1.5141076427141	
54.2	0.99653896598384	1.5264063900834	
54.4	0.99408084093568	1.5385950317434	
54.6	0.99147854824254	1.5506712464759	
54.8	0.98879720803895	1.562634020534	
55	0.98607087742866	1.5744830229677	
55.2	0.98331740926651	1.5862182797543	
55.4	0.98054616460286	1.5978400030312	
55.6	0.97776203152269	1.6093485011558	
55.8	0.97496752867999	1.6207441310741	
56	0.97216391156166	1.6320272729406	
56.2	0.96935175710734	1.6431983165002	
56.4	0.96653127415078	1.6542576537147	
56.6	0.96370246903185	1.6652056747217	
56.8	0.96086523431421	1.6760427655801	
57	0.95801939646391	1.6867693069745	
57.2	0.95516474150701	1.6973856734375	
57.4	0.95230102880355	1.7078922328493	
57.6	0.94942799836867	1.7182893460862	
57.8	0.94654537466384	1.7285773667458	
58	0.94365286843933	1.73875664091	
58.2	0.94075017748643	1.7488275069251	
58.4	0.93783698676748	1.7587902951845	
58.6	0.93491296817917	1.7686453279086	
58.8	0.9319777800885	1.7783929189158	
59	0.92903106671677	1.7880333733832	
59.2	0.92607245741149	1.7975669875935	
59.4	0.92310156582618	1.8069940486666	
59.6	0.92011798901676	1.8163148342756	
59.8	0.91712130645649	1.825529612343	
60	0.9141110789673	1.8346386407188	
60.2	0.91108684756303	1.8436421668358	
60.4	0.90804813219763	1.8525404273431	
60.6	0.90499443041041	1.8613336477127	
60.8	0.90192521585856	1.8700220418208	
61	0.89883993672598	1.8786058114978	
61.2	0.89573801399607	1.8870851460475	
61.4	0.89261883957428	1.8954602217303	
61.6	0.88948177424466	1.9037312012092	
61.8	0.88632614544247	1.9118982329533	
62	0.88315124482283	1.9199614505967	
62.2	0.87995632560243	1.9279209722476	
62.4	0.87674059964855	1.9357768997418	
62.6	0.8735032342862	1.9435293178384	
62.8	0.87024334878985	1.9511782933474	
63	0.86696001052189	1.9587238741869	
63.2	0.86365223067442	1.9661660883586	
63.4	0.86031895956457	1.9735049428357	
63.6	0.85695908142631	1.9807404223525	
63.8	0.85357140863309	1.9878724880847	
64	0.85015467527521	1.9949010762092	
64.2	0.84670753000441	2.0018260963276	
64.4	0.84322852804333	2.0086474297398	
64.6	0.83971612224129	2.0153649275469	
64.8	0.83616865303752	2.0219784085648	
65	0.83258433716907	2.0284876570231	
65.2	0.82896125493221	2.0348924200216	
65.4	0.82529733577124	2.0411924047135	
65.6	0.82159034192721	2.0473872751761	
65.8	0.81783784982824	2.0534766489281	
66	0.81403722884117	2.0594600930397	
66.2	0.81018561692883	2.0653371197794	
66.4	0.80627989266361	2.071107181724	
66.6	0.80231664293291	2.0767696662514	
66.8	0.79829212552828	2.0823238893154	
67	0.79420222563064	2.0877690883861	
67.2	0.79004240497785	2.0931044144136	
67.4	0.78580764221519	2.0983289226447	
67.6	0.78149236256475	2.1034415620855	
67.8	0.77709035448256	2.1084411633584	
68	0.77259467036852	2.1133264246426	
68.2	0.76799750760881	2.1180958953181	
68.4	0.76329006519949	2.1227479568379	
68.6	0.75846236983678	2.1272808002335	
68.8	0.75350306353887	2.1316923995067	
69	0.748399142412	2.1359804799552	
69.2	0.74313563283389	2.1401424802108	
69.4	0.73769518673381	2.1441755064134	
69.6	0.73205757125306	2.1480762764562	
69.8	0.72619901905784	2.1518410515795	
70	0.72009139270747	2.1554655516753	
70.2	0.71370109784189	2.1589448493852	
70.4	0.70698765253868	2.1622732362547	
70.6	0.69990177920015	2.1654440515808	
70.8	0.69238282293763	2.1684494607358	
71	0.68435520359265	2.1712801639878	
71.2	0.67572345509451	2.1739250080494	
71.4	0.6663651571334	2.1763704588976	
71.6	0.65612065100272	2.1785998725549	
71.8	0.6447777271005	2.180592464773	
72	0.63204823715875	2.1823218204142	
72.2	0.61753135940284	2.1837536792063	
72.4	0.60065412767874	2.1848425490149	
72.6	0.58057206713403	2.1855263585652	
72.8	0.55599814053186	2.1857177327131	
73	0.52490237322503	2.1852893335125	
73.200000000001	0.48399225237448	2.1840489338966	
73.400000000001	0.42793231563406	2.1816990847971	
73.600000000001	0.34892422881481	2.1777886262514	
73.800000000001	0.24015257134462	2.1717330126157	
74.000000000001	0.10834150703013	2.163084420653	
74.200000000001	-0.01964784326724	2.1519318047638	
74.400000000001	-0.11847217386354	2.1388680211807	
74.600000000001	-0.1824538520388	2.124595964336	
74.800000000001	-0.21913112123004	2.1096650173766	
75.000000000001	-0.23823807648941	2.0944281171575	
75.200000000001	-0.24709697445887	2.0790907263295	
75.400000000001	-0.25025862353386	2.0637667218898	
75.600000000001	-0.25031945453735	2.0485177449696	
75.800000000001	-0.24870297223492	2.0333768019399	
76.000000000001	-0.24617593076177	2.0183614761316	
76.200000000001	-0.24314864334363	2.0034810978558	
76.400000000001	-0.23984046793489	1.9887405856033	
76.600000000001	-0.23636884610473	1.9741424962149	
76.800000000001	-0.23279676275255	1.9596881203648	
77.000000000001	-0.2291579919312	1.9453780701785	
77.200000000001	-0.2254705505954	1.9312125961873	
77.400000000001	-0.22174389586849	1.9171917594736	
77.600000000001	-0.21798279414	1.9033155259616	
77.800000000001	-0.21418941203571	1.8895838186281	
78.000000000001	-0.2103644523238	1.8759965468477	
78.200000000001	-0.20650777377275	1.8625536232562	
78.400000000001	-0.20261873036084	1.8492549737802	
78.600000000001	-0.19869635676919	1.8361005439252	
78.800000000001	-0.1947394689968	1.8230903030302	
79.000000000001	-0.19074671764022	1.8102242474403	
79.200000000001	-0.18671661441792	1.7975024031363	
79.400000000001	-0.18264754326532	1.7849248281303	
79.600000000001	-0.17853776224318	1.7724916148114	
79.800000000001	-0.17438539968583	1.7602028923559	
80.000000000001	-0.17018844644128	1.7480588292807	
80.200000000001	-0.1659447451604	1.7360596361965	
80.400000000001	-0.16165197707332	1.724205568811	
80.600000000001	-0.15730764637726	1.7124969312273	
80.800000000001	-0.15290906215698	1.7009340795862	
81.000000000001	-0.14845331761386	1.6895174261034	
81.200000000001	-0.14393726626021	1.6782474435604	
81.400000000001	-0.1393574946228	1.6671246703164	
81.600000000001	-0.1347102908807	1.6561497159192	
81.800000000001	-0.12999160872646	1.6453232674076	
82.000000000001	-0.12519702557783	1.634646096414	
82.200000000001	-0.12032169406818	1.6241190671966	
82.400000000001	-0.11536028549651	1.6137431457579	
82.600000000001	-0.11030692360554	1.6035194102346	
82.800000000001	-0.10515510665992	1.5934490627875	
83.000000000001	-0.099897615287704	1.5835334432654	
83.200000000001	-0.094526402891283	1.5737740449827	
83.400000000001	-0.089032464577819	1.564172533026	
83.600000000001	-0.083405679434948	1.5547307656093	
83.800000000001	-0.077634619487825	1.5454508191239	
84.000000000001	-0.071706316681199	1.5363350177017	
84.200000000001	-0.065605976539109	1.5273859683293	
84.400000000001	-0.059316623481577	1.5186066028455	
84.600000000001	-0.052818657707141	1.5100002285486	
84.800000000001	-0.046089296466039	1.5015705896709	
85.000000000001	-0.039101862523282	1.4933219427069	
85.200000000001	-0.031824868224261	1.4852591495944	
85.400000000001	-0.024220822620091	1.4773877941712	
85.600000000001	-0.016244658090242	1.4697143293626	
85.800000000001	-0.0078416261737882	1.4622462655115	
86.000000000001	0.0010555594100148	1.4549924146266	
86.200000000001	0.010530666975072	1.4479632119066	
86.400000000001	0.020689492865091	1.4411711460337	
86.600000000001	0.031667819547484	1.4346313456962	
86.800000000001	0.043643094777594	1.4283623956137	
87.000000000001	0.056852005928618	1.422387498241	
87.200000000001	0.071617671009592	1.4167361708072	
87.400000000001	0.088393025004029	1.4114467973207	
87.600000000001	0.10783242133222	1.4065705927834	
87.800000000001	0.13091409376004	1.4021779847349	
88.000000000001	0.1591569827589	1.3983692780001	
88.200000000001	0.1950139978484	1.3952930924946	
88.400000000001	0.24257352795227	1.3931786697049	
88.600000000001	0.30860554145576	1.3923888363494	
88.800000000001	0.4027279623458	1.3934760154992	
89.000000000001	0.53054145847376	1.3971013379676	
89.200000000001	0.67597835166677	1.4036028905482	
89.400000000001	0.8043086908543	1.4126259346918	
89.600000000001	0.89456876911591	1.4234003085314	
89.800000000001	0.94877798186393	1.4351998688246	
90.000000000001	0.97809032851699	1.4475240551193	
90.200000000001	0.99261681953762	1.4600760114528	
90.400000000001	0.99898758567182	1.472692301658	
90.600000000001	1.0010149439355	1.4852861696882	
90.800000000001	1.0007638725236	1.4978123852127	
91.000000000001	0.9993228845979	1.5102476048802	
91.200000000001	0.9972592921686	1.5225798912672	
91.400000000001	0.99486775549071	1.5348032302259	
91.600000000001	0.9923014025466	1.5469146848526	
91.800000000001	0.98964000224726	1.5589129202961	
92.000000000001	0.98692523462179	1.5707974377995	
92.200000000001	0.98417893582449	1.5825681756378	
92.400000000001	0.98141255837949	1.5942253003039	
92.600000000001	0.97863209437455	1.6057690967078	
92.800000000001	0.97584064865851	1.6171999101303	
93.000000000001	0.97303979007822	1.6285181153551	
93.200000000001	0.97023026447582	1.6397241001439	
93.400000000001	0.96741237273651	1.6508182563171	
93.600000000001	0.96458617218301	1.6618009748863	
93.800000000001	0.96175158432964	1.6726726433561	
94.000000000001	0.95890845274187	1.68343364419	
94.200000000001	0.95605657416864	1.6940843539039	
94.400000000001	0.95319571527771	1.7046251424969	
94.600000000001	0.95032562158895	1.7150563730634	
94.800000000001	0.94744602215037	1.7253784014989	
95.000000000001	0.94455663187117	1.7355915762551	
95.200000000001	0.94165715255016	1.7456962381155	
95.400000000001	0.93874727316505	1.7556927199789	
95.600000000001	0.93582666973107	1.7655813466403	
95.800000000001	0.93289500489757	1.7753624345654	
96.000000000001	0.92995192737381	1.7850362916546	
96.200000000001	0.92699707123304	1.7946032169943	
96.400000000001	0.92403005511967	1.8040635005937	
96.600000000001	0.92105048137127	1.8134174231056	
96.800000000001	0.91805793505895	1.8226652555292	
97.000000000001	0.9150519829452	1.8318072588936	
97.200000000001	0.91203217235528	1.8408436839211	
97.400000000001	0.90899802995586	1.8497747706669	
97.600000000001	0.90594906043336	1.8586007481349	
97.800000000001	0.9028847450628	1.8673218338668	
98.000000000001	0.89980454015645	1.8759382335024	
98.200000000001	0.89670787538056	1.8844501403085	
98.400000000001	0.89359415192634	1.8928577346737	
98.600000000001	0.89046274052019	1.9011611835662	
98.800000000001	0.88731297925577	1.9093606399516	
99.000000000001	0.88414417122855	1.9174562421653	
99.200000000001	0.88095558195103	1.9254481132382	
99.400000000001	0.87774643652357	1.9333363601678	
99.600000000001	0.87451591653288	1.9411210731328	
99.800000000001	0.87126315664599	1.9488023246425	
100	0.86798724086342	1.9563801686167	
100.2	0.8646871983897	1.9638546393875	
100.4	0.86136199907384	1.9712257506159	
100.6	0.8580105483649	1.9784934941127	
100.8	0.85463168171982	1.9856578385543	
101	0.85122415839109	1.9927187280817	
101.2	0.84778665451016	1.9996760807681	
101.4	0.84431775536953	2.0065297869408	
101.6	0.84081594678998	2.0132797073399	
101.8	0.83727960544099	2.0199256710932	
102	0.8337069879596	2.026467473485	
102.2	0.83009621868561	2.0329048734912	
102.4	0.82644527579904	2.039237591052	
102.6	0.82275197560593	2.0454653040439	
102.8	0.81901395467101	2.0515876449127	
103	0.81522864943799	2.0576041969169	
103.2	0.81139327290662	2.0635144899254	
103.4	0.80750478784884	2.0693179957038	
103.6	0.80355987593804	2.0750141226096	
103.8	0.79955490203168	2.0806022096022	
104	0.79548587268001	2.0860815194585	
104.2	0.79134838772349	2.0914512310577	
104.4	0.78713758357607	2.0967104305763	
104.6	0.78284806645387	2.1018581013984	
104.8	0.77847383337666	2.1068931125034	
105	0.77400817821286	2.1118142050425	
105.2	0.7694435793157	2.116619976745	
105.4	0.76477156435195	2.1213088637135	
105.6	0.75998254667655	2.1258791190518	
105.8	0.75506562594468	2.1303287876325	
106	0.75000834342028	2.1346556761203	
106.2	0.74479637941124	2.1388573171229	
106.4	0.73941317610743	2.142930926015	
106.6	0.7338394633371	2.1468733485391	
106.8	0.72805265667129	2.150680996689	
107	0.72202608580802	2.1543497695574	
107.2	0.71572799459023	2.1578749546758	
107.4	0.70912022974883	2.1612511037521	
107.6	0.70215649937568	2.1644718743677	
107.8	0.6947800275141	2.1675298257891	
108	0.68692034701952	2.1704161519696	
108.2	0.67848884024928	2.1731203271389	
108.4	0.66937242376465	2.1756296274768	
108.6	0.65942442156645	2.1779284735404	
108.8	0.64845107678546	2.1799975075385	
109	0.63619111871913	2.18181226857	
109.2	0.62228395636588	2.18334124149	
109.4	0.60621868065829	2.1845429006002	
109.6	0.58724969355536	2.1853610890265	
109.8	0.56425273946893	2.1857175560364	
110	0.53547314684265	2.1854995213682	
110.2	0.49808530737484	2.184538534846	
110.4	0.44748247721767	2.1825753078612	
110.6	0.37656901874123	2.1792106350727	
110.8	0.27733220274989	2.1738878399298	
111	0.15058933998647	2.1660692803279	
111.2	0.018009107817839	2.155651206452	
111.4	-0.091489846471598	2.143105880122	
111.6	-0.16589172110909	2.1291423340323	
111.8	-0.20999695031523	2.1143705425738	
112	-0.23365854654666	2.0992013663077	
112.2	-0.2451104335386	2.083879761157	
112.4	-0.24969736798599	2.0685431001874	
112.6	-0.25053066426681	2.053266157219	
112.8	-0.24933206088215	2.0380890711868	
113	-0.24703262665083	2.0230332526339	
113.2	-0.24413122574098	2.0081100778347	
113.4	-0.24089453643218	1.9933255593539	
113.6	-0.23746525301382	1.9786828401123	
113.8	-0.23391986961029	1.9641835251031	
114	-0.2302994209242	1.9498283947151	
114.2	-0.22662585038536	1.9356177887656	
114.4	-0.22291075472577	1.9215518145992	
114.6	-0.21916007740584	1.9076304607481	
114.8	-0.21537664085894	1.8938536596332	
115	-0.21156151994546	1.8802213226215	
115.2	-0.20771479047895	1.8667333600121	
115.4	-0.20383593859642	1.8533896927764	
115.6	-0.19992408479345	1.8401902597817	
115.8	-0.19597810589546	1.8271350225511	
116	-0.1919967003011	1.8142239687016	
116.2	-0.1879784213124	1.8014571147019	
116.4	-0.18392169219392	1.7888345083165	
116.6	-0.17982481047956	1.7763562309521	
116.8	-0.17568594566297	1.7640224000387	
117	-0.171503132522	1.7518331715306	
117.2	-0.16727426126266	1.7397887425924	
117.4	-0.16299706505446	1.7278893545187	
117.6	-0.15866910516414	1.7161352959358	
117.8	-0.15428775366403	1.7045269063308	
118	-0.14985017353263	1.6930645799604	
118.2	-0.14535329583962	1.6817487701926	
118.4	-0.14079379359468	1.670579994349	
118.6	-0.13616805172361	1.6595588391189	
118.8	-0.1314721325057	1.6486859666356	
119	-0.12670173565333	1.637962121316	
119.2	-0.12185215202889	1.6273881375875	
119.4	-0.11691820976295	1.616964948649	
119.6	-0.11189421124789	1.6066935964418	
119.8	-0.10677385911325	1.5965752430443	
120	-0.10155016881873	1.5866111837492	
120.2	-0.096215364894737	1.5768028621406	
120.4	-0.090760757072827	1.5671518875613	
120.6	-0.085176591516595	1.5576600554537	
120.8	-0.079451871000622	1.5483293711778	
121	-0.073574136067259	1.5391620780661	
121.2	-0.067529196743696	1.5301606906779	
121.4	-0.061300801072293	1.521328034484	
121.6	-0.054870222127669	1.5126672935736	
121.8	-0.048215738820581	1.5041820684549	
122	-0.041311976805786	1.4958764466854	
122.2	-0.034129062977866	1.4877550899759	
122.4	-0.026631528435447	1.4798233426938	
122.6	-0.018776867397899	1.4720873685033	
122.8	-0.010513618520862	1.4645543245103	
123	-0.0017787724403683	1.4572325861308	
123.2	0.0075057881006927	1.4501320416844	
123.4	0.017438264275571	1.4432644845472	
123.6	0.028144034742793	1.4366441445195	
123.8	0.039785990551492	1.4302884222194	
124	0.052579961310062	1.4242189268115	
124.2	0.066818368824979	1.4184629792916	
124.4	0.082907595835209	1.4130558519486	
124.6	0.10142899382595	1.4080442107712	
124.8	0.12324205988823	1.403491593999	
125	0.14966524233895	1.3994874615381	
125.2	0.18280214586666	1.3961626910004	
125.4	0.22613125261975	1.3937167323908	
125.6	0.28547011341763	1.39246381558	
125.8	0.36975345222452	1.3928944125488	
126	0.48741226514857	1.3956643361514	
126.2	0.63077385034271	1.401273445928	
126.4	0.7678972016464	1.4095834725979	
126.6	0.87068918146131	1.4198977673902	
126.8	0.93508874893861	1.4314423307154	
127	0.97093676382124	1.4436428517331	
127.2	0.98920385515937	1.4561461978471	
127.4	0.99760107650105	1.4687544471414	
127.6	1.0006988552469	1.4813616161655	
127.8	1.0010076229626	1.4939122075868	
128	0.99985899221106	1.5063774999314	
128.2	0.99794865988616	1.5187427593325	
128.4	0.99563815266469	1.5310005197868	
128.6	0.99311526413526	1.5431470896214	
128.8	0.99047773672402	1.5551807406526	
129	0.98777659322628	1.5671007686738	
129.2	0.98503854505798	1.5789070045522	
129.4	0.98227760056689	1.5905995587697	
129.6	0.97950109864625	1.6021786873061	
129.8	0.97671285789776	1.6136447208597	
130	0.97391482786698	1.6249980272807	
130.2	0.97110795901979	1.6362389915035	
130.4	0.96829266333097	1.6473680047464	
130.6	0.96546905929665	1.6583854586392	
130.8	0.96263710285584	1.6692917419864	
131	0.95979665761969	1.680087238944	
131.2	0.95694753264401	1.6907723279571	
131.4	0.95408950274959	1.7013473811066	
131.6	0.95122231940311	1.7118127636763	
131.8	0.9483457164591	1.7221688338363	
132	0.94545941308188	1.732415942386	
132.2	0.94256311510383	1.7425544325254	
132.4	0.93965651550306	1.7525846396373	
132.6	0.93673929437344	1.7625068910694	
132.8	0.93381111859037	1.7723215059117	
133	0.93087164128314	1.7820287947635	
133.2	0.92792050117345	1.7916290594895	
133.4	0.92495732181108	1.8011225929609	
133.6	0.92198171072176	1.8105096787815	
133.8	0.91899325847302	1.819790590996	
134	0.91599153765803	1.8289655937802	
134.2	0.91297610179458	1.8380349411106	
134.4	0.90994648413339	1.8469988764112	
134.6	0.90690219636872	1.8558576321777	
134.8	0.90384272724239	1.8646114295746	
135	0.90076754103122	1.8732604780052	
135.2	0.89767607590628	1.8818049746501	
135.4	0.8945677421509	1.8902451039733	
135.6	0.89144192022284	1.8985810371918	
135.8	0.8882979586439	1.9068129317061	
136	0.8851351716984	1.9149409304876	
136.2	0.88195283691931	1.9229651614189	
136.4	0.87875019233824	1.9308857365828	
136.6	0.87552643347213	1.9387027514947	
136.8	0.87228071001601	1.9464162842737	
137	0.86901212220665	1.9540263947441	
137.2	0.86571971681741	1.9615331234631	
137.4	0.86240248273833	1.9689364906646	
137.6	0.85905934608944	1.9762364951108	
137.8	0.8556891648068	1.9834331128427	
138	0.85229072263214	1.9905262958163	
138.2	0.84886272242586	1.9975159704128	
138.4	0.84540377871048	2.0044020358079	
138.6	0.84191240933665	2.0111843621837	
138.8	0.83838702614577	2.0178627887628	
139	0.83482592448187	2.0244371216443	
139.2	0.8312272713801	2.0309071314148	
139.4	0.82758909222798	2.0372725505068	
139.6	0.82390925565898	2.0435330702686	
139.8	0.82018545639283	2.049688337708	
140	0.81641519568241	2.0557379518623	
140.2	0.81259575896045	2.0616814597428	
140.4	0.80872419019742	2.0675183517878	
140.6	0.80479726238091	2.0732480567517	
140.8	0.80081144340168	2.07886993594	
141	0.79676285647552	2.0843832766861	
141.2	0.79264723403442	2.0897872849421	
141.4	0.78845986377388	2.0950810768334	
141.6	0.78419552523008	2.100263668993	
141.8	0.77984841486121	2.105333967453	
142	0.77541205709291	2.1102907548207	
142.2	0.77087919812187	2.1151326754061	
142.4	0.76624167840285	2.1198582178848	
142.6	0.76149027860003	2.1244656949818	
142.8	0.75661453226568	2.1289532195295	
143	0.75160249647521	2.1333186760786	
143.2	0.74644046889687	2.1375596870215	
143.4	0.74111263601456	2.1416735718823	
143.6	0.73560063202739	2.1456572980327	
143.8	0.72988298068483	2.1495074205437	
144	0.72393438203017	2.1532200081436	
144.2	0.71772479125851	2.1567905512127	
144.4	0.71121821538857	2.160213846289	
144.6	0.70437112162309	2.1634838494741	
144.8	0.69713030337531	2.1665934881011	
145	0.68942997651276	2.1695344155536	
145.2	0.68118776354348	2.1722966873875	
145.4	0.67229903999033	2.1748683265546	
145.6	0.66262881710883	2.1772347292505	
145.8	0.65199983183146	2.1793778367036	
146	0.6401746479552	2.1812749548883	
146.2	0.62682803725995	2.1828970304811	
146.4	0.61150311340745	2.1842060624372	
146.6	0.5935394731318	2.185151096418	
146.8	0.57195172137709	2.1856618217373	
147	0.54521837706401	2.1856379992835	
147.2	0.51091086356227	2.1849315587644	
147.4	0.46506954034427	2.1833163677408	
147.6	0.40140129263746	2.1804421826929	
147.8	0.31164452703724	2.1757960927746	
148	0.19220025145978	2.1687961172177	
148.2	0.058074489151326	2.1591617980107	
148.4	-0.060957242599033	2.1472066200584	
148.6	-0.14634988511807	2.1336115645336	
148.8	-0.19888886002313	2.1190385944558	
149	-0.22791250190143	2.1039605427493	
149.2	-0.24247165499819	2.0886677730043	
149.4	-0.24878043308793	2.0733255387616	
149.6	-0.25054954046546	2.0580244271533	
149.8	-0.24985695663767	2.0428132225922	
150	-0.24783231353605	2.0277179867021	
150.2	-0.24508201695546	2.0127525835818	
150.4	-0.24193030891057	1.9979243556834	
150.6	-0.23855060002406	1.9832371579182	
150.8	-0.23503579916793	1.9686929770605	
151	-0.23143574887457	1.9542927980976	
151.2	-0.22777714587509	1.9400370698334	
151.4	-0.22407417047948	1.925925956642	
151.6	-0.22033418287125	1.9119594756073	
151.8	-0.21656079134106	1.8981375719214	
152	-0.2127555137525	1.8844601608425	
152.2	-0.20891868176172	1.8709271514503	
152.4	-0.20504993490292	1.8575384604501	
152.6	-0.20114849104871	1.8442940205266	
152.8	-0.19721329403174	1.8311937857175	
153	-0.19324309320345	1.8182377351776	
153.2	-0.18923648486348	1.8054258760999	
153.4	-0.18519193199605	1.7927582462288	
153.6	-0.18110777136753	1.7802349162204	
153.8	-0.17698221297246	1.7678559920009	
154	-0.17281333455471	1.7556216172237	
154.2	-0.16859907266008	1.7435319758911	
154.4	-0.16433721094989	1.7315872951961	
154.6	-0.16002536607766	1.7197878486314	
154.8	-0.15566097116758	1.708133959411	
155	-0.15124125675637	1.6966260042546	
155.2	-0.14676322892809	1.6852644175881	
155.4	-0.14222364425614	1.6740496962219	
155.6	-0.13761898105294	1.6629824045779	
155.8	-0.13294540630394	1.6520631805491	
156	-0.12819873751761	1.6412927420883	
156.2	-0.12337439854881	1.6306718946441	
156.4	-0.11846736823722	1.6202015395814	
156.6	-0.11347212043273	1.609882683754	
156.8	-0.10838255363868	1.5997164504291	
157	-0.10319190806845	1.5897040918087	
157.2	-0.097892667351437	1.5798470034444	
157.4	-0.092476441399412	1.5701467409119	
157.6	-0.086933825996725	1.560605039196	
157.8	-0.08125423342944	1.5512238353506	
158	-0.075425686808609	1.5420052951388	
158.2	-0.069434568514866	1.5329518445457	
158.4	-0.063265310170437	1.5240662073058	
158.6	-0.05690000740394	1.5153514499082	
158.8	-0.050317936932118	1.5068110359896	
159	-0.043494945423479	1.498448892618	
159.2	-0.036402668144994	1.4902694917961	
159.4	-0.029007518852024	1.4822779516608	
159.6	-0.021269368145328	1.4744801634805	
159.8	-0.013139791412356	1.4668829528878	
160	-0.0045597127028072	1.4594942871978	
160.2	0.0045438138216913	1.4523235457455	
160.4	0.014262077058575	1.4453818778972	
160.6	0.024711045339182	1.4386826853771	
160.8	0.036040533357184	1.4322422846211	
161	0.048447778264188	1.4260808360063	
161.2	0.062198076045175	1.4202236791316	
161.4	0.077657070521443	1.4147033040219	
161.6	0.095342914473791	1.4095623505586	
161.8	0.11601350344162	1.4048583289825	
162	0.14081769195867	1.4006713261907	
162.2	0.17156604250046	1.3971170617321	
162.4	0.2112226534766	1.3943696664692	
162.6	0.26475305294578	1.3927012214205	
162.8	0.3401442112161	1.3925413986445	
163	0.44702460657569	1.3945093440323	
163.2	0.58491444515059	1.3992115750569	
163.4	0.72792759559333	1.406736444745	
163.6	0.84297220963527	1.4165133223261	
163.8	0.91862038986723	1.4277469951477	
164	0.96209866336645	1.4397900183234	
164.2	0.98485317800446	1.4522259521229	
164.4	0.99571321803703	1.4648161358046	
164.6	1.0001194302212	1.4774313675712	
164.8	1.0011138663996	1.4900036267653	
165	1.0003232353478	1.502497603455	
165.2	0.9986002573009	1.5148951329363	
165.4	0.99638848900437	1.527186967877	
165.6	0.9939182841691	1.5393684911049	
165.8	0.99130944371927	1.5514374925167	
166	0.9886244454342	1.5633930163437	
166.2	0.98589597038598	1.5752347619417	
166.4	0.98314115176048	1.5869627711213	
166.6	0.9803689723658	1.5985772642474	
166.8	0.97758412041217	1.6100785538862	
167	0.97478900829651	1.6214669990568	
167.2	0.97198483462244	1.632742980845	
167.4	0.96917214561248	1.6439068893107	
167.6	0.96635113331609	1.6549591163951	
167.8	0.96352179474053	1.6659000520297	
168	0.960684017117	1.6767300819623	
168.2	0.95783762373146	1.6874495865044	
168.4	0.9549823985875	1.6980589397772	
168.6	0.95211809964164	1.708558509224	
168.8	0.94924446583073	1.7189486552643	
169	0.94636122070176	1.7292297310232	
169.2	0.94346807416455	1.739402082096	
169.4	0.9405647231933	1.7494660463282	
169.6	0.93765085192717	1.7594219535988	
169.8	0.93472613141584	1.7692701255991	
170	0.93179021914397	1.7790108756039	
170.2	0.92884275840715	1.7886445082309	
170.4	0.9258833775775	1.7981713191865	
170.6	0.92291168927797	1.8075915949971	
170.8	0.91992728947353	1.816905612723	
171	0.91692975648084	1.8261136396543	
171.2	0.91391864989421	1.8352159329873	
171.4	0.91089350942292	1.8442127394783	
171.6	0.90785385363315	1.8531042950756	
171.8	0.90479917858633	1.8618908245247	
172	0.9017289563641	1.8705725409473	
172.2	0.8986426334689	1.8791496453897	
172.4	0.89553962908757	1.8876223263397	
172.6	0.89241933320384	1.8959907592078	
172.8	0.88928110454367	1.9042551057698	
173	0.88612426833552	1.9124155135687	
173.2	0.88294811386523	1.9204721152696	
173.4	0.87975189180239	1.9284250279659	
173.6	0.87653481127234	1.9362743524292	
173.8	0.87329603664423	1.9440201723005	
174	0.87003468400137	1.9516625532145	
174.2	0.8667498172558	1.9592015418504	
174.4	0.86344044386316	1.9666371649031	
174.6	0.86010551008765	1.973969427965	
174.8	0.85674389575967	1.9811983143087	
175	0.8533544084596	1.9883237835601	
175.2	0.84993577705134	1.9953457702499	
175.4	0.8464866444767	2.0022641822282	
175.6	0.84300555970788	2.0090788989278	
175.8	0.83949096873796	2.0157897694552	
176	0.83594120446913	2.0223966104922	
176.2	0.83235447533451	2.028899203979	
176.4	0.82872885245994	2.0352972945554	
176.6	0.8250622551376	2.0415905867245	
176.8	0.82135243434082	2.0477787417028	
177	0.81759695395817	2.0538613739124	
177.2	0.81379316936228	2.0598380470643	
177.4	0.80993820285228	2.0657082697725	
177.6	0.80602891541383	2.0714714906277	
177.8	0.80206187412411	2.0771270926469	
178	0.79803331438336	2.0826743869996	
178.2	0.79393909597234	2.0881126058896	
178.4	0.78977465170586	2.0934408944514	
178.6	0.78553492716211	2.0986583014872	
178.8	0.78121430959749	2.103763768835	
179	0.77680654368162	2.1087561191131	
179.2	0.77230463107376	2.1136340415269	
179.4	0.7677007100623	2.1183960753514	
179.6	0.7629859104405	2.1230405906072	
179.8	0.75815017740273	2.1275657653286	
180	0.75318205639116	2.1319695586631	
180.2	0.74806842832193	2.1362496788354	
180.4	0.74279418121351	2.140403544736	
180.6	0.73734179954914	2.1444282395293	
180.8	0.73169084617138	2.1483204541818	
181	0.72581730229119	2.152076418137	
181.2	0.71969271802335	2.1556918134303	
181.4	0.7132831067655	2.1591616672294	
181.6	0.70654748862665	2.1624802159224	
181.8	0.6994359460309	2.165640731187	
182	0.69188699049376	2.1686352945243	
182.2	0.68382393992021	2.1714545008186	
182.4	0.67514984764333	2.1740870624592	
182.6	0.66574026771453	2.1765192714562	
182.8	0.65543271387323	2.1787342544614	
183	0.6440109402112	2.1807109186722	
183.2	0.63118089093988	2.1824224243692	
183.4	0.61653285448182	2.1838339118994	
183.6	0.59948007179969	2.1848990182444	
183.8	0.57915595697663	2.1855543655565	
184	0.55423686253165	2.1857105500578	
184.2	0.52263068968062	2.1852369789592	
184.4	0.4809401092307	2.183936100647	
184.6	0.42367200280487	2.1815020305624	
184.8	0.34291081792199	2.1774728825168	
185	0.23223674214044	2.1712613108059	
185.2	0.099723178185246	2.1624435565867	
185.4	-0.026986960951279	2.1511480769827	
185.6	-0.12355167757497	2.1379871078918	
185.8	-0.18549942069381	2.1236588253757	
186	-0.22078087984767	2.1086997098561	
186.2	-0.23904795604003	2.0934514952246	
186.4	-0.24743307378901	2.0781122746473	
186.6	-0.25033535388943	2.0627916111021	
186.8	-0.25025578054752	2.0475487525848	
187	-0.24856329423708	2.0324154100536	
187.2	-0.24599476363766	2.0174084725957	
187.4	-0.24294443596718	2.0025368994551	
187.6	-0.23962308978136	1.9878054106387	
187.8	-0.2361435871669	1.9732164566263	
188	-0.23256646134098	1.9587712710506	
188.2	-0.22892416725857	1.9444704355309	
188.4	-0.22523400756324	1.930314184459	
188.6	-0.22150504949346	1.916302570617	
188.8	-0.21774184449293	1.902435555948	
189	-0.21394643907596	1.8887130618575	
189.2	-0.21011946756183	1.875134997519	
189.4	-0.20626074851981	1.8617012761679	
189.6	-0.20236961119435	1.8484118248201	
189.8	-0.1984450739646	1.8352665903889	
190	-0.19448594105474	1.8222655438486	
190.2	-0.19049085362085	1.8094086833595	
190.4	-0.18645831502312	1.7966960368747	
190.6	-0.18238670118738	1.7841276645283	
190.8	-0.17827426206524	1.7717036609821	
191	-0.17411911749011	1.7594241578431	
191.2	-0.16991924920737	1.7472893262278	
191.4	-0.16567248999438	1.7352993795303	
191.6	-0.1613765102835	1.7234545764424	
191.8	-0.15702880239658	1.7117552242731	
192	-0.1526266623019	1.700201682614	
192.2	-0.14816716866111	1.6887943674037	
192.4	-0.14364715881579	1.6775337554502	
192.6	-0.1390632012502	1.6664203894778	
192.8	-0.13441156394728	1.6554548837799	
193	-0.12968817791756	1.6446379305687	
193.2	-0.12488859501656	1.6339703071328	
193.4	-0.12000793896482	1.6234528839338	
193.6	-0.11504084823356	1.6130866338001	
193.8	-0.10998140914198	1.6028726424052	
194	-0.10482307710936	1.5928121202618	
194.2	-0.099558583488372	1.5829064165094	
194.4	-0.094179824737426	1.5731570348405	
194.6	-0.088677729819456	1.5635656519842	
194.8	-0.08304210057004	1.5541341392764	
195	-0.077261418260561	1.5448645879713	
195.2	-0.071322607551828	1.5357593391247	
195.4	-0.065210746289456	1.5268210191034	
195.6	-0.058908705844034	1.5180525820761	
195.8	-0.05239670152125	1.5094573612395	
196	-0.045651725327263	1.5010391310775	
196.2	-0.038646823119907	1.4928021836967	
196.4	-0.03135016344715	1.4847514233112	
196.6	-0.023723823898775	1.4768924844111	
196.8	-0.015722188973518	1.4692318812255	
197	-0.0072898054708748	1.4617771991205	
197.2	0.0016415323515054	1.4545373430523	
197.4	0.011156811369646	1.4475228649549	
197.6	0.021363471223327	1.4407464023675	
197.8	0.032399553807676	1.4342232770584	
198	0.044445681487489	1.4279723290429	
198.2	0.05774311186482	1.4220171057515	
198.4	0.072621724533715	1.416387602231	
198.6	0.089544769504407	1.411122883205	
198.8	0.10918288176477	1.4062751650153	
199	0.13254096104665	1.4019164022251	
199.2	0.16118327262199	1.3981493210722	
199.4	0.19764200016379	1.3951265284333	
199.6	0.24614301085631	1.3930839688062	
199.8	0.31366020093152	1.3923951968372	
200	0.40989209219769	1.3936249140899	
