0.1	0.80458733845871	0.008025808862431	
0.2	0.96675217021074	0.017649207545674	
0.3	1.0747594050679	0.028325986629779	
0.4	1.1387419119112	0.03961436982433	
0.5	1.1739578915392	0.051225884029648	
0.6	1.1923736496166	0.062992140175375	
0.7	1.2015284076519	0.074820373318598	
0.8	1.2057255233716	0.086660976112034	
0.9	1.2073067775872	0.098487824327088	
1	1.2075170397864	0.11028727653362	
1.1	1.2070106904723	0.12205225280633	
1.2	1.2061299966795	0.13377910501059	
1.3	1.2050536561807	0.14546597663082	
1.4	1.2038749541646	0.1571119463067	
1.5	1.2026426230203	0.1687165810842	
1.6	1.2013821499706	0.18027970332559	
1.7	1.2001068829586	0.19180126898272	
1.8	1.1988238222937	0.20328130394579	
1.9	1.1975366442033	0.21471987071104	
2	1.1962472814377	0.22611705089818	
2.1	1.194956750801	0.23747293606602	
2.2	1.1936655870968	0.24878762287979	
2.3	1.1923740710541	0.26006121056392	
2.4	1.1910823492409	0.27129379955744	
2.5	1.1897904972572	0.282485490803	
2.6	1.1884985530918	0.29363638537049	
2.7	1.1872065347597	0.30474658425745	
2.8	1.1859144496435	0.31581618828317	
2.9	1.1846222994487	0.32684529803258	
3	1.1833300828374	0.33783401382639	
3.1	1.1820377968295	0.34878243570542	
3.2	1.1807454375497	0.35969066342236	
3.3	1.1794530006268	0.37055879643754	
3.4	1.1781604814063	0.38138693391681	
3.5	1.176867875065	0.39217517473063	
3.6	1.1755751766715	0.40292361745371	
3.7	1.1742823812192	0.41363236036499	
3.8	1.1729894836435	0.42430150144781	
3.9	1.1716964788309	0.43493113839014	
4	1.1704033616238	0.44552136858492	
4.1	1.1691101268228	0.45607228913032	
4.2	1.1678167691879	0.46658399683012	
4.3	1.1665232834385	0.47705658819402	
4.4	1.1652296642539	0.48749015943796	
4.5	1.1639359062726	0.49788480648448	
4.6	1.162642004092	0.50824062496299	
4.7	1.1613479522683	0.51855771021015	
4.8	1.1600537453157	0.52883615727013	
4.9	1.1587593777059	0.53907606089495	
5	1.1574648438676	0.54927751554477	
5.1	1.1561701381864	0.55944061538816	
5.2	1.1548752550036	0.56956545430244	
5.3	1.1535801886159	0.57965212587391	
5.4	1.152284933275	0.58970072339817	
5.5	1.1509894831871	0.59971133988034	
5.6	1.1496938325117	0.60968406803537	
5.7	1.1483979753618	0.61961900028827	
5.8	1.1471019058028	0.62951622877436	
5.9	1.1458056178519	0.63937584533953	
6	1.1445091054777	0.64919794154045	
6.1	1.1432123625996	0.65898260864484	
6.2	1.1419153830869	0.66872993763163	
6.3	1.1406181607582	0.67844001919123	
6.4	1.1393206893809	0.68811294372573	
6.5	1.1380229626704	0.69774880134906	
6.6	1.1367249742895	0.70734768188723	
6.7	1.1354267178477	0.71690967487851	
6.8	1.1341281869003	0.72643486957358	
6.9	1.1328293749479	0.73592335493572	
7	1.1315302754355	0.74537521964098	
7.1	1.1302308817521	0.7547905520783	
7.2	1.1289311872294	0.76416944034972	
7.3	1.1276311851415	0.77351197227046	
7.4	1.1263308687038	0.78281823536907	
7.5	1.1250302310724	0.79208831688758	
7.6	1.1237292653433	0.80132230378156	
7.7	1.1224279645513	0.81052028272027	
7.8	1.1211263216696	0.81968234008675	
7.9	1.1198243296085	0.82880856197789	
8	1.1185219812149	0.83789903420453	
8.1	1.117219269271	0.84695384229151	
8.2	1.115916186494	0.85597307147775	
8.3	1.1146127255345	0.86495680671631	
8.4	1.1133088789762	0.87390513267438	
8.5	1.1120046393343	0.88281813373339	
8.6	1.1106999990552	0.89169589398897	
8.7	1.109394950515	0.90053849725099	
8.8	1.1080894860188	0.90934602704357	
8.9	1.1067835977995	0.91811856660506	
9	1.1054772780169	0.926856198888	
9.1	1.1041705187566	0.93555900655917	
9.2	1.1028633120289	0.94422707199946	
9.3	1.1015556497676	0.95286047730388	
9.4	1.100247523829	0.96145930428147	
9.5	1.0989389259909	0.97002363445524	
9.6	1.0976298479512	0.97855354906209	
9.7	1.0963202813267	0.98704912905273	
9.8	1.0950102176523	0.99551045509152	
9.9	1.0936996483791	1.0039376075564	
10	1.0923885648739	1.0123306665388	
10.1	1.0910769584173	1.0206897118434	
10.2	1.0897648202028	1.0290148229879	
10.3	1.0884521413352	1.0373060792033	
10.4	1.0871389128296	1.045563559433	
10.5	1.0858251256095	1.0537873423333	
10.6	1.0845107705062	1.0619775062726	
10.7	1.0831958382563	1.0701341293319	
10.8	1.0818803195014	1.0782572893036	
10.9	1.0805642047856	1.0863470636923	
11	1.0792474845546	1.0944035297135	
11.1	1.0779301491541	1.1024267642943	
11.2	1.076612188828	1.1104168440724	
11.3	1.0752935937169	1.1183738453961	
11.4	1.0739743538565	1.1262978443239	
11.5	1.0726544591758	1.1341889166241	
11.6	1.0713338994957	1.1420471377746	
11.7	1.0700126645268	1.1498725829624	
11.8	1.0686907438681	1.1576653270834	
11.9	1.0673681270048	1.1654254447416	
12	1.0660448033067	1.173153010249	
12.1	1.0647207620261	1.1808480976252	
12.2	1.0633959922962	1.1885107805967	
12.3	1.0620704831287	1.1961411325965	
12.4	1.0607442234121	1.2037392267637	
12.5	1.0594172019097	1.211305135943	
12.6	1.0580894072571	1.2188389326838	
12.7	1.0567608279605	1.2263406892403	
12.8	1.0554314523943	1.2338104775703	
12.9	1.054101268799	1.241248369335	
13	1.0527702652786	1.248654435898	
13.1	1.0514384297986	1.2560287483252	
13.2	1.0501057501837	1.2633713773836	
13.3	1.0487722141149	1.2706823935409	
13.4	1.0474378091273	1.2779618669647	
13.5	1.0461025226078	1.285209867522	
13.6	1.044766341792	1.292426464778	
13.7	1.0434292537618	1.2996117279956	
13.8	1.0420912454429	1.3067657261347	
13.9	1.0407523036016	1.3138885278511	
14	1.039412414842	1.3209802014958	
14.1	1.0380715656036	1.328040815114	
14.2	1.0367297421578	1.3350704364445	
14.3	1.035386930605	1.3420691329183	
14.4	1.0340431168715	1.3490369716578	
14.5	1.0326982867065	1.3559740194762	
14.6	1.0313524256785	1.3628803428758	
14.7	1.0300055191722	1.3697560080474	
14.8	1.0286575523852	1.3766010808691	
14.9	1.0273085103241	1.3834156269051	
15	1.0259583778013	1.3901997114046	
15.1	1.0246071394311	1.3969533993006	
15.2	1.0232547796263	1.4036767552089	
15.3	1.0219012825939	1.4103698434262	
15.4	1.0205466323314	1.4170327279297	
15.5	1.0191908126228	1.423665472375	
15.6	1.0178338070344	1.4302681400951	
15.7	1.0164755989108	1.436840794099	
15.8	1.01511617137	1.44338349707	
15.9	1.0137555072995	1.4498963113646	
16	1.0123935893518	1.4563792990106	
16.1	1.0110303999391	1.4628325217057	
16.2	1.0096659212292	1.469256040816	
16.3	1.0083001351401	1.4756499173739	
16.4	1.0069330233354	1.4820142120771	
16.5	1.0055645672187	1.4883489852861	
16.6	1.0041947479286	1.4946542970228	
16.7	1.0028235463333	1.5009302069687	
16.8	1.0014509430247	1.5071767744628	
16.9	1.0000769183131	1.5133940584997	
17	0.99870145222077	1.5195821177276	
17.1	0.99732452447661	1.5257410104462	
17.2	0.99594611450944	1.5318707946048	
17.3	0.99456620144184	1.5379715277997	
17.4	0.99318476408356	1.5440432672724	
17.5	0.99180178092489	1.5500860699068	
17.6	0.99041723012969	1.5560999922276	
17.7	0.98903108952834	1.5620850903969	
17.8	0.98764333661049	1.5680414202124	
17.9	0.98625394851755	1.5739690371049	
18	0.98486290203501	1.5798679961349	
18.1	0.98347017358453	1.5857383519907	
18.2	0.98207573921584	1.5915801589854	
18.3	0.98067957459836	1.5973934710538	
18.4	0.97928165501259	1.6031783417495	
18.5	0.97788195534131	1.6089348242423	
18.6	0.97648045006042	1.6146629713147	
18.7	0.97507711322962	1.6203628353586	
18.8	0.97367191848275	1.6260344683724	
18.9	0.97226483901787	1.6316779219577	
19	0.970855847587	1.6372932473153	
19.1	0.96944491648566	1.6428804952421	
19.2	0.96803201754198	1.6484397161272	
19.3	0.96661712210554	1.6539709599484	
19.4	0.96520020103586	1.659474276268	
19.5	0.96378122469053	1.6649497142294	
19.6	0.96236016291299	1.6703973225521	
19.7	0.96093698501991	1.6758171495285	
19.8	0.9595116597882	1.6812092430188	
19.9	0.95808415544156	1.6865736504471	
20	0.95665443963672	1.6919104187965	
20.1	0.95522247944906	1.6972195946045	
20.2	0.95378824135796	1.7025012239582	
20.3	0.95235169123156	1.7077553524893	
20.4	0.95091279431104	1.712982025369	
20.5	0.94947151519442	1.7181812873026	
20.6	0.94802781781979	1.7233531825245	
20.7	0.94658166544802	1.728497754792	
20.8	0.94513302064489	1.73361504738	
20.9	0.94368184526254	1.738705103075	
21	0.94222810042043	1.7437679641687	
21.1	0.94077174648553	1.7488036724525	
21.2	0.9393127430519	1.75381226921	
21.3	0.93785104891953	1.7587937952111	
21.4	0.93638662207248	1.7637482907051	
21.5	0.93491941965617	1.7686757954131	
21.6	0.93344939795401	1.7735763485214	
21.7	0.93197651236305	1.7784499886733	
21.8	0.93050071736887	1.7832967539621	
21.9	0.92902196651948	1.7881166819225	
22	0.92754021239834	1.7929098095227	
22.1	0.92605540659635	1.7976761731557	
22.2	0.92456749968282	1.802415808631	
22.3	0.92307644117537	1.8071287511648	
22.4	0.92158217950867	1.8118150353715	
22.5	0.92008466200205	1.8164746952534	
22.6	0.91858383482583	1.8211077641911	
22.7	0.91707964296641	1.8257142749335	
22.8	0.91557203018994	1.8302942595864	
22.9	0.91406093900469	1.8348477496025	
23	0.91254631062179	1.8393747757692	
23.1	0.91102808491455	1.8438753681979	
23.2	0.90950620037613	1.8483495563109	
23.3	0.90798059407544	1.8527973688296	
23.4	0.90645120161135	1.8572188337613	
23.5	0.90491795706494	1.861613978386	
23.6	0.90338079294989	1.8659828292424	
23.7	0.90183964016067	1.8703254121137	
23.8	0.90029442791874	1.8746417520128	
23.9	0.89874508371628	1.8789318731671	
24	0.89719153325771	1.8831957990021	
24.1	0.89563370039857	1.8874335521258	
24.2	0.89407150708182	1.8916451543109	
24.3	0.89250487327131	1.8958306264774	
24.4	0.8909337168824	1.8999899886745	
24.5	0.8893579537094	1.9041232600615	
24.6	0.88777749734981	1.9082304588877	
24.7	0.88619225912516	1.9123116024728	
24.8	0.88460214799815	1.9163667071848	
24.9	0.88300707048606	1.9203957884186	
25	0.88140693057012	1.9243988605729	
25.1	0.87980162960056	1.9283759370263	
25.2	0.87819106619728	1.932327030113	
25.3	0.87657513614566	1.9362521510968	
25.4	0.87495373228743	1.9401513101443	
25.5	0.8733267444062	1.9440245162976	
25.6	0.87169405910732	1.947871777445	
25.7	0.87005555969188	1.9516931002912	
25.8	0.86841112602426	1.9554884903257	
25.9	0.86676063439311	1.9592579517901	
26	0.86510395736513	1.9630014876447	
26.1	0.86344096363135	1.9667190995321	
26.2	0.86177151784541	1.9704107877412	
26.3	0.86009548045324	1.9740765511679	
26.4	0.8584127075138	1.9777163872748	
26.5	0.85672305051008	1.9813302920498	
26.6	0.85502635614987	1.9849182599614	
26.7	0.85332246615565	1.9884802839132	
26.8	0.85161121704272	1.9920163551956	
26.9	0.84989243988496	1.9955264634358	
27	0.84816596006735	1.9990105965452	
27.1	0.84643159702419	2.0024687406637	
27.2	0.84468916396231	2.0059008801031	
27.3	0.84293846756792	2.0093069972856	
27.4	0.84117930769626	2.0126870726808	
27.5	0.83941147704252	2.0160410847394	
27.6	0.8376347607929	2.0193690098228	
27.7	0.83584893625432	2.02267082213	
27.8	0.83405377246109	2.0259464936206	
27.9	0.83224902975699	2.0291959939333	
28	0.8304344593508	2.0324192903011	
28.1	0.82860980284329	2.0356163474608	
28.2	0.82677479172348	2.0387871275592	
28.3	0.82492914683174	2.0419315900524	
28.4	0.82307257778716	2.0450496916012	
28.5	0.82120478237627	2.0481413859601	
28.6	0.81932544590004	2.0512066238594	
28.7	0.81743424047578	2.054245352882	
28.8	0.81553082428998	2.0572575173316	
28.9	0.81361484079836	2.0602430580943	
29	0.81168591786822	2.0632019124918	
29.1	0.80974366685841	2.066134014125	
29.2	0.8077876816314	2.0690392927096	
29.3	0.80581753749133	2.0719176738997	
29.4	0.80383279004162	2.0747690791024	
29.5	0.80183297395465	2.0775934252787	
29.6	0.79981760164548	2.0803906247334	
29.7	0.79778616184072	2.0831605848896	
29.8	0.79573811803252	2.0859032080498	
29.9	0.79367290680671	2.08861839114	
30	0.79158993603286	2.0913060254367	
30.1	0.78948858290257	2.093965996275	
30.2	0.78736819180084	2.0965981827362	
30.3	0.78522807199348	2.0992024573129	
30.4	0.78306749511167	2.1017786855501	
30.5	0.78088569241229	2.1043267256601	
30.6	0.77868185179029	2.1068464281077	
30.7	0.77645511451618	2.109337635165	
30.8	0.77420457166857	2.1118001804306	
30.9	0.77192926022769	2.1142338883121	
31	0.76962815879151	2.1166385734663	
31.1	0.76730018287085	2.1190140401945	
31.2	0.76494417971438	2.1213600817872	
31.3	0.76255892260726	2.1236764798138	
31.4	0.76014310457989	2.1259630033512	
31.5	0.7576953314538	2.1282194081454	
31.6	0.75521411414167	2.1304454356975	
31.7	0.75269786010619	2.1326408122679	
31.8	0.75014486386833	2.1348052477871	
31.9	0.74755329643905	2.1369384346649	
32	0.74492119352935	2.1390400464839	
32.1	0.74224644237047	2.1411097365662	
32.2	0.73952676694936	2.1431471363947	
32.3	0.73675971143312	2.1451518538744	
32.4	0.73394262151796	2.147123471411	
32.5	0.73107262339414	2.1490615437855	
32.6	0.72814659996454	2.1509655957957	
32.7	0.72516116389119	2.1528351196355	
32.8	0.72211262696698	2.1546695719752	
32.9	0.71899696521797	2.1564683707007	
33	0.71580977902964	2.1582308912628	
33.1	0.71254624745522	2.1599564625809	
33.2	0.70920107569896	2.1616443624318	
33.3	0.70576843456527	2.1632938122468	
33.4	0.70224189041646	2.1649039712229	
33.5	0.69861432387572	2.1664739296376	
33.6	0.6948778351327	2.1680027012358	
33.7	0.69102363323692	2.1694892145319	
33.8	0.68704190617385	2.1709323028365	
33.9	0.68292166777693	2.1723306927823	
34	0.67865057659202	2.1736829910706	
34.1	0.67421472062242	2.1749876691041	
34.2	0.66959836036627	2.176243045095	
34.3	0.66478362061445	2.1774472631433	
34.4	0.65975011897103	2.1785982686613	
34.5	0.65447451581125	2.179693779371	
34.6	0.6489299661626	2.1807312509054	
34.7	0.64308544845797	2.1817078358004	
34.8	0.63690493782807	2.1826203343429	
34.9	0.63034638198411	2.1834651353244	
35	0.62336042500068	2.1842381442139	
35.1	0.61588880739521	2.184934695549	
35.2	0.6078623484501	2.1855494454199	
35.3	0.59919838702595	2.1860762386934	
35.4	0.58979751816494	2.186507944015	
35.5	0.57953941258624	2.1868362475221	
35.6	0.56827744361862	2.1870513934746	
35.7	0.55583177319601	2.1871418565651	
35.8	0.54198047556287	2.1870939265045	
35.9	0.52644823458286	2.1868911808981	
36	0.50889221357881	2.1865138184877	
36.1	0.48888503915459	2.1859378243184	
36.2	0.46589583860105	2.1851339478348	
36.3	0.4392726877174	2.1840665084409	
36.4	0.40823506445996	2.1826921287636	
36.5	0.37189506080551	2.180958682665	
36.6	0.32934271183037	2.1788050970407	
36.7	0.27984922830412	2.1761631813703	
36.8	0.22323779527398	2.1729631514444	
36.9	0.16038954804946	2.1691441864588	
37	0.093653281199417	2.1646690466541	
37.1	0.026746088278231	2.1595376633785	
37.2	-0.036088872590204	2.1537922939178	
37.3	-0.091308394445481	2.1475104338886	
37.4	-0.13694195367858	2.1407890417475	
37.5	-0.1727003131597	2.1337277193176	
37.6	-0.19950508850381	2.1264166268654	
37.7	-0.21886635055499	2.1189306367679	
37.8	-0.23239847226749	2.1113283312172	
37.9	-0.24154931195189	2.1036537038381	
38	-0.24749773814675	2.0959388792585	
38.1	-0.25114869031046	2.0882068751674	
38.2	-0.25317129112877	2.0804739773129	
38.3	-0.25404846414657	2.0727516136373	
38.4	-0.25412333282958	2.0650477609067	
38.5	-0.25363726388892	2.057367968347	
38.6	-0.25275899282444	2.0497160881983	
38.7	-0.25160605031342	2.0420947907183	
38.8	-0.25026014459994	2.0345059244612	
38.9	-0.24877803772789	2.026950767166	
39	-0.24719916291147	2.0194302000368	
39.1	-0.24555092873639	2.0119448286777	
39.2	-0.2438524004215	2.004495067006	
39.3	-0.2421168505204	1.997081195512	
39.4	-0.24035352537969	1.9897034017538	
39.5	-0.23856886881999	1.9823618085443	
39.6	-0.23676737051402	1.9750564936051	
39.7	-0.23495215487107	1.9677875032981	
39.8	-0.23312539039472	1.9605548622386	
39.9	-0.23128857470893	1.9533585800414	
40	-0.22944273336236	1.9461986560676	
40.1	-0.22758855874577	1.9390750827732	
40.2	-0.22572650734237	1.9319878480796	
40.3	-0.22385686793435	1.9249369370576	
40.4	-0.22197980952584	1.9179223331295	
40.5	-0.22009541507182	1.9109440189315	
40.6	-0.21820370525405	1.9040019769366	
40.7	-0.21630465526308	1.8970961899092	
40.8	-0.21439820665498	1.8902266412396	
40.9	-0.21248427573171	1.8833933151943	
41	-0.21056275946207	1.8765961971069	
41.1	-0.20863353965814	1.8698352735265	
41.2	-0.2066964859111	1.8631105323365	
41.3	-0.20475145764199	1.856421962853	
41.4	-0.20279830551879	1.849769555908	
41.5	-0.20083687241806	1.843153303924	
41.6	-0.19886699405735	1.836573200981	
41.7	-0.19688849938842	1.8300292428799	
41.8	-0.19490121081472	1.8235214272037	
41.9	-0.19290494427898	1.8170497533775	
42	-0.19089950925278	1.8106142227282	
42.1	-0.18888470865133	1.8042148385453	
42.2	-0.1868603386895	1.797851606143	
42.3	-0.18482618869049	1.7915245329238	
42.4	-0.18278204085506	1.7852336284442	
42.5	-0.18072766999671	1.778978904483	
42.6	-0.17866284324625	1.7727603751127	
42.7	-0.17658731972795	1.7665780567735	
42.8	-0.1745008502084	1.7604319683506	
42.9	-0.17240317671846	1.7543221312552	
43	-0.17029403214789	1.74824856951	
43.1	-0.16817313981217	1.7422113098373	
43.2	-0.16604021299014	1.736210381753	
43.3	-0.16389495443115	1.7302458176645	
43.4	-0.16173705582974	1.7243176529738	
43.5	-0.159566197266	1.7184259261857	
43.6	-0.15738204660894	1.712570679022	
43.7	-0.15518425888051	1.7067519565419	
43.8	-0.15297247557711	1.7009698072679	
43.9	-0.15074632394532	1.6952242833202	
44	-0.14850541620839	1.6895154405567	
44.1	-0.14624934873937	1.6838433387225	
44.2	-0.14397770117657	1.6782080416067	
44.3	-0.14169003547654	1.6726096172089	
44.4	-0.1393858948993	1.6670481379151	
44.5	-0.1370648029199	1.6615236806842	
44.6	-0.13472626206004	1.6560363272455	
44.7	-0.1323697526326	1.6505861643084	
44.8	-0.12999473139116	1.645173283785	
44.9	-0.12760063007613	1.6397977830267	
45	-0.1251868538476	1.6344597650756	
45.1	-0.12275277959464	1.6291593389323	
45.2	-0.12029775410902	1.6238966198416	
45.3	-0.11782109211042	1.6186717295965	
45.4	-0.11532207410857	1.6134847968632	
45.5	-0.11279994408608	1.6083359575286	
45.6	-0.11025390698385	1.603225355071	
45.7	-0.10768312596884	1.598153140959	
45.8	-0.1050867194616	1.5931194750766	
45.9	-0.10246375789796	1.5881245261822	
46	-0.099813260196524	1.5831684723992	
46.1	-0.09713418989966	1.5782515017459	
46.2	-0.094425450951811	1.5733738127046	
46.3	-0.091685883074096	1.5685356148368	
46.4	-0.088914256688872	1.5637371294463	
46.5	-0.086109267341624	1.5589785902971	
46.6	-0.083269529560434	1.5542602443905	
46.7	-0.080393570084919	1.5495823528077	
46.8	-0.077479820386954	1.5449451916247	
46.9	-0.074526608394286	1.5403490529085	
47	-0.071532149315139	1.5357942458009	
47.1	-0.068494535446694	1.5312810977021	
47.2	-0.065411724832532	1.5268099555649	
47.3	-0.062281528613231	1.5223811873105	
47.4	-0.059101596889686	1.5179951833831	
47.5	-0.055869402889675	1.5136523584581	
47.6	-0.052582225193797	1.5093531533229	
47.7	-0.049237127735998	1.5050980369531	
47.8	-0.045830937245203	1.5008875088086	
47.9	-0.042360217736322	1.4967221013778	
48	-0.038821241588965	1.4926023830044	
48.1	-0.035209956668066	1.4885289610352	
48.2	-0.031521948838866	1.4845024853334	
48.3	-0.027752399105312	1.4805236522119	
48.4	-0.023896034450626	1.4765932088452	
48.5	-0.019947071274985	1.4727119582369	
48.6	-0.015899150099532	1.4688807648238	
48.7	-0.011745259927541	1.4651005608225	
48.8	-0.0074776503085617	1.4613723534358	
48.9	-0.0030877287219851	1.4576972330659	
49	0.0014340596407084	1.4540763827056	
49.1	0.0060983732909962	1.4505110887167	
49.2	0.010917141504956	1.4470027532486	
49.3	0.015903762564824	1.4435529086028	
49.4	0.021073340098497	1.440163233919	
49.5	0.026442966213815	1.4368355746445	
49.6	0.032032062422586	1.4335719653553	
49.7	0.037862792336003	1.4303746566371	
49.8	0.043960564017414	1.42724614691	
49.9	0.050354645012658	1.4241892203094	
50	0.057078919869037	1.421206992028	
50.1	0.064172828986345	1.4183029629106	
50.2	0.071682539719123	1.4154810855938	
50.3	0.079662416866225	1.4127458451496	
50.4	0.08817688153439	1.4101023580697	
50.5	0.097302776848667	1.4075564946017	
50.6	0.1071323987179	1.4051150310114	
50.7	0.11777740308667	1.4027858404411	
50.8	0.12937387140075	1.4005781338206	
50.9	0.14208890625287	1.3985027659682	
51	0.15612923853339	1.3965726267866	
51.1	0.17175244383333	1.3948031433665	
51.2	0.18928144812533	1.3932129255339	
51.3	0.20912293948868	1.3918245934452	
51.4	0.2317898221281	1.3906658270987	
51.5	0.25792633259245	1.3897706637652	
51.6	0.28833057658751	1.3891810169886	
51.7	0.32396056640253	1.3889482520226	
51.8	0.36589271217003	1.3891343432861	
51.9	0.41517446585282	1.389811559047	
52	0.47248871198846	1.3910587991689	
52.1	0.53758224212272	1.3929522409877	
52.2	0.60860330940106	1.3955494005803	
52.3	0.68182672643113	1.3988704916155	
52.4	0.7523134519717	1.40288641011	
52.5	0.81540287589161	1.4075216347819	
52.6	0.86810849825893	1.4126710421591	
52.7	0.90957845805465	1.4182212735558	
52.8	0.9406406395151	1.424067511173	
52.9	0.96300231093264	1.4301222287105	
53	0.97857902601085	1.4363172259059	
53.1	0.98910813148002	1.4426018027139	
53.2	0.99599931972173	1.4489394472929	
53.3	1.0003232955109	1.4553044192	
53.4	1.002860433233	1.4616788264662	
53.5	1.0041647478881	1.4680503480749	
53.6	1.0046229930089	1.4744105516259	
53.7	1.0045022905223	1.4807536903053	
53.8	1.0039859170472	1.4870758598262	
53.9	1.0031991285976	1.4933744150745	
54	1.0022273469585	1.4996475696201	
54.1	1.0011287749013	1.5058941220639	
54.200000000001	0.99994306542586	1.5121132695443	
54.300000000001	0.99869724561446	1.5183044807985	
54.400000000001	0.99740975131476	1.5244674097872	
54.500000000001	0.99609317054464	1.5306018369003	
54.600000000001	0.99475610777102	1.5367076289058	
54.700000000001	0.99340445093844	1.5427847116361	
54.800000000001	0.99204223311756	1.5488330513389	
54.900000000001	0.99067221903148	1.5548526419244	
55.000000000001	0.98929630477779	1.5608434962316	
55.100000000001	0.98791579060716	1.5668056400376	
55.200000000001	0.98653156734252	1.5727391079412	
55.300000000001	0.98514424397316	1.5786439405296	
55.400000000001	0.98375423512333	1.5845201824247	
55.500000000001	0.98236182110972	1.5903678809335	
55.600000000001	0.98096718924493	1.5961870851132	
55.700000000001	0.97957046228925	1.6019778451233	
55.800000000001	0.97817171808142	1.6077402117746	
55.900000000001	0.97677100310496	1.6134742362152	
56.000000000001	0.97536834187835	1.6191799697097	
56.100000000001	0.97396374346452	1.6248574634856	
56.200000000001	0.97255720599004	1.6305067686239	
56.300000000001	0.97114871978681	1.6361279359818	
56.400000000001	0.96973826957865	1.6417210161373	
56.500000000001	0.96832583600477	1.647286059349	
56.600000000001	0.9669113966817	1.652823115527	
56.700000000001	0.96549492694377	1.6583322342109	
56.800000000001	0.96407640035899	1.6638134645531	
56.900000000001	0.96265578908786	1.6692668553057	
57.000000000001	0.96123306413215	1.67469245481	
57.100000000001	0.95980819550621	1.6800903109876	
57.200000000001	0.9583811523539	1.6854604713328	
57.300000000001	0.95695190302703	1.6908029829058	
57.400000000001	0.95552041513652	1.6961178923263	
57.500000000001	0.95408665558417	1.7014052457678	
57.600000000001	0.9526505905806	1.7066650889512	
57.700000000001	0.95121218565316	1.7118974671399	
57.800000000001	0.9497714056466	1.7171024251335	
57.900000000001	0.94832821471852	1.7222800072625	
58.000000000001	0.94688257633068	1.7274302573824	
58.100000000001	0.9454344532375	1.7325532188676	
58.200000000001	0.9439838074721	1.7376489346058	
58.300000000001	0.94253060033049	1.7427174469916	
58.400000000001	0.94107479235431	1.7477587979204	
58.500000000001	0.93961634331212	1.7527730287815	
58.600000000001	0.93815521217968	1.7577601804522	
58.700000000001	0.93669135711904	1.7627202932902	
58.800000000001	0.93522473545671	1.7676534071269	
58.900000000001	0.93375530366084	1.7725595612604	
59.000000000001	0.93228301731743	1.7774387944474	
59.100000000001	0.93080783110563	1.7822911448963	
59.200000000001	0.92932969877202	1.7871166502583	
59.300000000001	0.92784857310396	1.7919153476203	
59.400000000001	0.92636440590188	1.7966872734956	
59.500000000001	0.92487714795055	1.8014324638156	
59.600000000001	0.92338674898924	1.8061509539207	
59.700000000001	0.92189315768076	1.8108427785511	
59.800000000001	0.92039632157934	1.8155079718373	
59.900000000001	0.91889618709725	1.82014656729	
60.000000000001	0.91739269947012	1.8247585977903	
60.100000000001	0.91588580272103	1.8293440955785	
60.200000000001	0.91437543962303	1.8339030922441	
60.300000000001	0.91286155166036	1.838435618714	
60.400000000001	0.91134407898798	1.8429417052407	
60.500000000001	0.90982296038963	1.8474213813912	
60.600000000001	0.90829813323413	1.8518746760334	
60.700000000001	0.90676953342989	1.8563016173244	
60.800000000001	0.90523709537765	1.8607022326964	
60.900000000001	0.9037007519212	1.8650765488435	
61.000000000001	0.90216043429608	1.8694245917072	
61.100000000001	0.90061607207619	1.8737463864618	
61.200000000001	0.89906759311804	1.8780419574993	
61.300000000001	0.89751492350273	1.8823113284133	
61.400000000001	0.89595798747541	1.8865545219831	
61.500000000001	0.89439670738213	1.8907715601565	
61.600000000001	0.89283100360388	1.8949624640324	
61.700000000001	0.89126079448785	1.8991272538427	
61.800000000001	0.88968599627552	1.9032659489331	
61.900000000001	0.8881065230276	1.9073785677441	
62.000000000001	0.88652228654556	1.91146512779	
62.100000000001	0.88493319628961	1.9155256456388	
62.200000000001	0.88333915929285	1.9195601368895	
62.300000000001	0.8817400800715	1.9235686161499	
62.400000000001	0.88013586053093	1.9275510970127	
62.500000000001	0.87852639986716	1.9315075920313	
62.600000000001	0.87691159446381	1.9354381126942	
62.700000000001	0.87529133778394	1.9393426693985	
62.800000000001	0.87366552025677	1.9432212714225	
62.900000000001	0.87203402915869	1.9470739268969	
63.000000000001	0.87039674848855	1.9509006427748	
63.100000000001	0.86875355883659	1.9547014248012	
63.200000000001	0.86710433724676	1.9584762774799	
63.300000000001	0.86544895707212	1.9622252040406	
63.400000000001	0.86378728782262	1.9659482064028	
63.500000000001	0.86211919500515	1.96964528514	
63.600000000001	0.86044453995506	1.9733164394409	
63.700000000001	0.85876317965873	1.9769616670698	
63.800000000001	0.85707496656672	1.9805809643247	
63.900000000001	0.8553797483967	1.9841743259937	
64.000000000001	0.85367736792565	1.9877417453097	
64.100000000001	0.8519676627705	1.9912832139026	
64.200000000001	0.85025046515652	1.9947987217498	
64.300000000001	0.8485256016727	1.9982882571237	
64.400000000001	0.84679289301299	2.0017518065375	
64.500000000001	0.8450521537027	2.0051893546878	
64.600000000001	0.84330319180891	2.0086008843949	
64.700000000001	0.84154580863371	2.0119863765399	
64.800000000001	0.83977979838919	2.0153458099988	
64.900000000001	0.83800494785272	2.0186791615734	
65.000000000001	0.83622103600119	2.0219864059186	
65.100000000001	0.83442783362268	2.0252675154662	
65.200000000001	0.83262510290374	2.0285224603443	
65.300000000001	0.83081259699061	2.0317512082935	
65.400000000001	0.82899005952237	2.0349537245773	
65.500000000001	0.8271572241337	2.0381299718889	
65.600000000001	0.82531381392517	2.0412799102525	
65.700000000001	0.82345954089817	2.0444034969192	
65.800000000001	0.82159410535202	2.0475006862571	
65.900000000001	0.81971719523983	2.0505714296354	
66.000000000001	0.8178284854801	2.0536156753019	
66.100000000001	0.81592763722013	2.0566333682535	
66.200000000001	0.81401429704735	2.0596244500987	
66.300000000001	0.81208809614408	2.0625888589129	
66.400000000001	0.81014864938089	2.065526529084	
66.5	0.80819555434331	2.0684373911496	
66.6	0.80622839028573	2.0713213716234	
66.7	0.80424671700636	2.0741783928114	
66.8	0.80225007363583	2.0770083726162	
66.9	0.80023797733153	2.0798112243287	
67	0.79820992186914	2.0825868564064	
67.1	0.79616537612129	2.085335172237	
67.2	0.7941037824129	2.0880560698864	
67.3	0.79202455474102	2.0907494418292	
67.4	0.78992707684582	2.0934151746611	
67.5	0.78781070011809	2.0960531487903	
67.6	0.78567474132631	2.0986632381083	
67.7	0.78351848014513	2.1012453096356	
67.8	0.78134115646416	2.1037992231424	
67.9	0.779141967454	2.1063248307401	
68	0.7769200643633	2.1088219764426	
68.1	0.7746745490173	2.1112904956936	
68.2	0.77240446998495	2.1137302148563	
68.3	0.7701088183768	2.1161409506634	
68.4	0.7677865232316	2.1185225096216	
68.5	0.76543644644338	2.1208746873676	
68.6	0.76305737717454	2.1231972679695	
68.7	0.76064802569291	2.1254900231685	
68.8	0.75820701656197	2.1277527115552	
68.9	0.75573288110338	2.1299850776721	
69	0.75322404903925	2.1321868510349	
69.1	0.75067883920783	2.1343577450643	
69.2	0.74809544923042	2.1364974559168	
69.3	0.74547194398841	2.1386056612037	
69.4	0.74280624274757	2.1406820185847	
69.5	0.74009610474064	2.1427261642215	
69.6	0.73733911298865	2.1447377110737	
69.7	0.7345326561054	2.1467162470173	
69.8	0.73167390778592	2.1486613327632	
69.9	0.72875980362898	2.1505724995506	
70	0.7257870148818	2.152449246583	
70.1	0.72275191862155	2.1542910381738	
70.2	0.71965056379958	2.1560973005604	
70.3	0.71647863246684	2.1578674183392	
70.4	0.71323139536891	2.1596007304667	
70.5	0.7099036609407	2.1612965257617	
70.6	0.70648971653721	2.1629540378325	
70.7	0.70298326049894	2.1645724393391	
70.8	0.69937732335779	2.166150835484	
70.9	0.69566417612656	2.1676882566038	
71	0.69183522316422	2.1691836497111	
71.1	0.68788087654587	2.1706358688046	
71.2	0.68379040815913	2.1720436637268	
71.3	0.6795517748571	2.1734056673071	
71.4	0.67515141086695	2.1747203804647	
71.5	0.67057398021311	2.1759861548796	
71.6	0.66580208006824	2.1772011727484	
71.7	0.66081588356967	2.1783634230265	
71.8	0.65559270756315	2.1794706734186	
71.9	0.65010648673444	2.180520437193	
72	0.64432713035617	2.1815099336624	
72.1	0.6382197310013	2.1824360408702	
72.2	0.63174358550154	2.1832952386287	
72.3	0.62485097641457	2.1840835395439	
72.4	0.61748564631871	2.1847964049946	
72.5	0.60958087608477	2.1854286421501	
72.6	0.60105705024073	2.1859742769601	
72.7	0.5918185556925	2.1864263965257	
72.8	0.5817498123467	2.1867769522685	
72.9	0.57071017418444	2.1870165127286	
73	0.55852736811279	2.1871339515309	
73.1	0.54498906337887	2.1871160520346	
73.2	0.52983211111874	2.1869470056317	
73.3	0.51272902472141	2.1866077764378	
73.4	0.49327153397135	2.1860753035187	
73.5	0.47095186124884	2.1853215183354	
73.6	0.44514439964386	2.1843121818771	
73.7	0.41509497085459	2.1830056175418	
73.8	0.37993378873234	2.1813515764879	
73.9	0.33874355352525	2.1792907850605	
74	0.29073323510655	2.1767562268445	
74.1	0.23557224663826	2.1736777549235	
74.2	0.17387929606569	2.1699915689618	
74.3	0.10768298881297	2.1656542631919	
74.4	0.040461493076647	2.1606572350351	
74.5	-0.023552653776164	2.1550341231894	
74.6	-0.080576901409961	2.1488562136412	
74.7	-0.12827880738746	2.1422178808651	
74.8	-0.16604536782665	2.13521937874	
74.9	-0.1945984945901	2.1279535100191	
75	-0.21537267709062	2.1204985369059	
75.1	-0.22998973621988	2.112916348672	
75.2	-0.23994509412233	2.1052537633225	
75.3	-0.24647622492052	2.0975451382277	
75.4	-0.2505427099321	2.0898151731954	
75.5	-0.25285869764699	2.082081382762	
75.6	-0.2539417812748	2.0743560747624	
75.7	-0.25416071673067	2.0666478479751	
75.8	-0.25377534755787	2.0589626877801	
75.9	-0.25296751638669	2.0513047507394	
76	-0.25186395860318	2.0436769188562	
76.1	-0.25055280678408	2.0360811878188	
76.2	-0.24909529078392	2.0285189375671	
76.3	-0.24753394537108	2.0209911203126	
76.4	-0.24589833097025	2.0134983910253	
76.5	-0.2442090061181	2.0060411979692	
76.6	-0.24248028057235	1.9986198455496	
76.7	-0.24072212200354	1.9912345379846	
76.8	-0.23894147667577	1.9838854096936	
76.9	-0.23714318488586	1.9765725464786	
77	-0.23533061622338	1.9692960003156	
77.1	-0.23350611102471	1.962055799706	
77.2	-0.23167128763931	1.9548519569373	
77.3	-0.22982725666699	1.9476844731877	
77.4	-0.22797477060223	1.9405533421263	
77.5	-0.22611432855345	1.9334585524596	
77.6	-0.22424624966012	1.9264000897387	
77.7	-0.22237072465751	1.919377937648	
77.8	-0.22048785215639	1.9123920789291	
77.9	-0.21859766420912	1.9054424960469	
78	-0.21670014435077	1.8985291716742	
78.1	-0.21479524034332	1.8916520890482	
78.2	-0.21288287318316	1.8848112322357	
78.3	-0.210962943466	1.8780065863352	
78.4	-0.20903533587878	1.8712381376324	
78.5	-0.20709992235993	1.8645058737245	
78.6	-0.20515656431058	1.8578097836223	
78.7	-0.20320511412667	1.8511498578364	
78.8	-0.2012454162434	1.8445260884529	
78.9	-0.19927730782775	1.8379384692016	
79	-0.19730061921535	1.8313869955206	
79.1	-0.19531517416034	1.8248716646175	
79.2	-0.19332078994685	1.8183924755292	
79.3	-0.19131727739688	1.8119494291823	
79.4	-0.18930444079906	1.8055425284532	
79.5	-0.18728207777581	1.7991717782298	
79.6	-0.18524997910116	1.7928371854751	
79.7	-0.18320792847763	1.7865387592921	
79.8	-0.18115570227815	1.7802765109919	
79.9	-0.17909306925679	1.7740504541639	
80	-0.17701979023071	1.7678606047497	
80.1	-0.1749356177346	1.7617069811196	
80.2	-0.17284029564826	1.7555896041527	
80.3	-0.17073355879695	1.7495084973214	
80.4	-0.1686151325241	1.7434636867792	
80.5	-0.16648473223509	1.7374552014532	
80.6	-0.16434206291086	1.7314830731413	
80.7	-0.1621868185896	1.7255473366139	
80.8	-0.16001868181432	1.7196480297214	
80.9	-0.15783732304418	1.7137851935072	
81	-0.15564240002695	1.7079588723261	
81.1	-0.15343355712954	1.7021691139699	
81.2	-0.1512104246236	1.6964159697992	
81.3	-0.14897261792255	1.6906994948827	
81.4	-0.14671973676613	1.6850197481447	
81.5	-0.14445136434827	1.6793767925199	
81.6	-0.14216706638344	1.6737706951183	
81.7	-0.13986639010644	1.6682015273987	
81.8	-0.13754886319982	1.6626693653533	
81.9	-0.13521399264263	1.6571742897027	
82	-0.13286126347372	1.6517163861027	
82.1	-0.13049013746168	1.6462957453646	
82.2	-0.12810005167321	1.6409124636887	
82.3	-0.1256904169304	1.6355666429121	
82.4	-0.12326061614662	1.6302583907737	
82.5	-0.12081000252945	1.6249878211954	
82.6	-0.11833789763796	1.6197550545826	
82.7	-0.11584358927999	1.6145602181444	
82.8	-0.11332632923374	1.6094034462365	
82.9	-0.11078533077576	1.6042848807269	
83	-0.10821976599581	1.5992046713885	
83.1	-0.10562876287632	1.5941629763189	
83.2	-0.10301140211159	1.5891599623918	
83.3	-0.10036671363899	1.5841958057411	
83.4	-0.097693672850705	1.5792706922819	
83.5	-0.094991196450631	1.5743848182717	
83.6	-0.092258137916574	1.5695383909152	
83.7	-0.089493282522492	1.5647316290175	
83.8	-0.086695341869589	1.5599647636895	
83.9	-0.083862947868039	1.5552380391131	
84	-0.080994646103091	1.5505517133686	
84.099999999999	-0.078088888509983	1.5459060593352	
84.199999999999	-0.075144025271234	1.5413013656683	
84.299999999999	-0.072158295837288	1.5367379378653	
84.399999999999	-0.069129818956762	1.5322160994271	
84.499999999999	-0.066056581585321	1.5277361931285	
84.599999999999	-0.062936426521997	1.5232985824072	
84.699999999999	-0.059767038597977	1.518903652889	
84.799999999999	-0.056545929214851	1.5145518140617	
84.899999999999	-0.053270418996057	1.510243501119	
84.999999999999	-0.049937618275875	1.5059791769937	
85.099999999999	-0.046544405103315	1.5017593346062	
85.199999999999	-0.043087400382174	1.497584499354	
85.299999999999	-0.039562939701208	1.4934552318773	
85.399999999999	-0.035967041327451	1.4893721311361	
85.499999999999	-0.032295369737912	1.4853358378442	
85.599999999999	-0.028543193946396	1.4813470383089	
85.699999999999	-0.024705339737967	1.4774064687397	
85.799999999999	-0.020776134747357	1.473514920092	
85.899999999999	-0.016749345101432	1.4696732435321	
85.999999999999	-0.012618102079371	1.4658823566198	
86.099999999999	-0.008374816914436	1.4621432503248	
86.199999999999	-0.0040110814510466	1.4584569970178	
86.299999999999	0.00048244814162056	1.4548247596002	
86.399999999999	0.005116188041917	1.4512478019757	
86.499999999999	0.009901788088721	1.4477275011038	
86.599999999999	0.01485232302092	1.4442653609317	
86.699999999999	0.019982520244538	1.4408630285627	
86.799999999999	0.025309032416389	1.4375223131041	
86.899999999999	0.030850765311063	1.4342452077379	
86.999999999999	0.036629274264919	1.4310339156913	
87.099999999999	0.04266924618173	1.4278908809508	
87.199999999999	0.048999088932358	1.4248188247781	
87.299999999999	0.055651656385033	1.4218207893686	
87.399999999999	0.062665145811294	1.4189001903508	
87.499999999999	0.070084215776291	1.4160608803078	
87.599999999999	0.077961387869798	1.4133072261212	
87.699999999999	0.086358816167201	1.4106442037734	
87.799999999999	0.095350536014398	1.4080775153452	
87.899999999999	0.10502534108743	1.40561373442	
87.999999999999	0.11549048780415	1.4032604880779	
88.099999999999	0.12687649262417	1.4010266862884	
88.199999999999	0.13934337374123	1.3989228129933	
88.299999999999	0.1530887945023	1.3969612976941	
88.399999999999	0.16835868286621	1.3951569920427	
88.499999999999	0.1854609965313	1.3935277825516	
88.599999999999	0.20478328547138	1.3920953769639	
88.699999999999	0.22681434540014	1.3908863046563	
88.799999999999	0.2521690329933	1.389933162081	
88.899999999999	0.28161209803092	1.3892760928292	
88.999999999999	0.31606948349821	1.3889643767224	
89.099999999999	0.35660047736228	1.3890577371532	
89.199999999999	0.40427867889738	1.3896264577976	
89.299999999999	0.45990227149027	1.3907486089901	
89.399999999999	0.52346907900858	1.3925020446685	
89.499999999999	0.59350481566277	1.3949497185288	
89.599999999999	0.66665549527432	1.3981209710539	
89.699999999999	0.73812919577805	1.4019972698371	
89.799999999999	0.80307245467342	1.4065117150961	
89.899999999999	0.85807595369773	1.4115635657188	
89.999999999999	0.9018582221108	1.4170395490672	
90.099999999999	0.93496141693106	1.4228320830289	
90.199999999999	0.95897377980897	1.4288496965856	
90.299999999999	0.97580888640349	1.4350202348624	
90.399999999999	0.98725983672393	1.4412896092067	
90.499999999999	0.99480857829472	1.4476186483687	
90.599999999999	0.99959341926763	1.4539796334777	
90.699999999999	1.0024499206576	1.4603532495603	
90.799999999999	1.0039739786249	1.4667261739118	
90.899999999999	1.0045827936127	1.4730892786513	
90.999999999999	1.0045650445315	1.479436338251	
91.099999999999	1.0041190203529	1.4857631206529	
91.199999999999	1.0033803241916	1.4920667570023	
91.299999999999	1.0024414643908	1.4983453083753	
91.399999999999	1.0013654792149	1.5045974694937	
91.499999999999	1.0001953146885	1.5108223667238	
91.599999999999	0.99896023872157	1.5170194205596	
91.699999999999	0.99768021200895	1.5231882520495	
91.799999999999	0.99636886077457	1.5293286191095	
91.899999999999	0.99503549700878	1.5354403731467	
91.999999999999	0.99368649139183	1.5415234294869	
92.099999999999	0.99232620680688	1.547577747187	
92.199999999999	0.99095763364502	1.5536033152354	
92.299999999999	0.98958282265756	1.5596001431042	
92.399999999999	0.98820318025805	1.5655682542711	
92.499999999999	0.98681967027214	1.5715076817694	
92.599999999999	0.9854329519804	1.5774184651264	
92.699999999999	0.98404347471864	1.583300648253	
92.799999999999	0.98265154281044	1.5891542779861	
92.899999999999	0.98125736020824	1.5949794030805	
92.999999999999	0.9798610612339	1.6007760735091	
93.099999999999	0.9784627317815	1.6065443399769	
93.199999999999	0.97706242396518	1.6122842535826	
93.299999999999	0.97566016625459	1.6179958655812	
93.399999999999	0.9742559704989	1.6236792272182	
93.499999999999	0.9728498368017	1.6293343896121	
93.599999999999	0.97144175690897	1.6349614036721	
93.699999999999	0.97003171656673	1.6405603200376	
93.799999999999	0.96861969716316	1.6461311890367	
93.899999999999	0.96720567687337	1.6516740606538	
93.999999999999	0.96578963145748	1.6571889845071	
94.099999999999	0.96437153481683	1.6626760098307	
94.199999999999	0.96295135938103	1.6681351854608	
94.299999999999	0.9615290763765	1.673566559825	
94.399999999999	0.96010465601176	1.6789701809328	
94.499999999999	0.95867806760413	1.6843460963679	
94.599999999999	0.95724927966514	1.6896943532814	
94.699999999999	0.95581825995661	1.695014998385	
94.799999999999	0.9543849755259	1.7003080779454	
94.899999999999	0.95294939272644	1.7055736377782	
94.999999999999	0.95151147722737	1.7108117232424	
95.099999999999	0.95007119401563	1.7160223792344	
95.199999999999	0.94862850739227	1.7212056501829	
95.299999999999	0.94718338096462	1.7263615800424	
95.399999999999	0.94573577763527	1.7314902122881	
95.499999999999	0.94428565958856	1.7365915899092	
95.599999999999	0.94283298827514	1.7416657554034	
95.699999999999	0.94137772439501	1.7467127507705	
95.799999999999	0.93991982787909	1.7517326175055	
95.899999999999	0.93845925786966	1.7567253965927	
95.999999999999	0.93699597269975	1.7616911284984	
96.099999999999	0.93552992987145	1.7666298531642	
96.199999999999	0.93406108603331	1.7715416099996	
96.299999999999	0.93258939695678	1.7764264378745	
96.399999999999	0.93111481751166	1.7812843751118	
96.499999999999	0.9296373016406	1.7861154594795	
96.599999999999	0.92815680233267	1.7909197281824	
96.699999999999	0.92667327159586	1.7956972178537	
96.799999999999	0.92518666042853	1.8004479645466	
96.899999999999	0.92369691878988	1.8051720037252	
96.999999999999	0.92220399556915	1.8098693702553	
97.099999999999	0.9207078385538	1.8145400983948	
97.199999999999	0.91920839439635	1.8191842217843	
97.299999999999	0.91770560858003	1.8238017734365	
97.399999999999	0.91619942538308	1.828392785726	
97.499999999999	0.91468978784163	1.8329572903785	
97.599999999999	0.91317663771118	1.8374953184595	
97.699999999999	0.91165991542651	1.8420069003628	
97.799999999999	0.91013956006002	1.8464920657989	
97.899999999999	0.90861550927842	1.8509508437823	
97.999999999999	0.90708769929764	1.8553832626187	
98.099999999999	0.9055560648359	1.8597893498923	
98.199999999999	0.9040205390649	1.8641691324518	
98.299999999999	0.90248105355892	1.8685226363964	
98.399999999999	0.90093753824188	1.8728498870612	
98.499999999999	0.8993899213321	1.877150909002	
98.599999999999	0.89783812928476	1.8814257259799	
98.699999999999	0.89628208673188	1.8856743609449	
98.799999999999	0.89472171641973	1.889896836019	
98.899999999999	0.89315693914349	1.8940931724793	
98.999999999999	0.89158767367906	1.8982633907392	
99.099999999999	0.89001383671184	1.9024075103305	
99.199999999999	0.88843534276236	1.9065255498834	
99.299999999999	0.8868521041085	1.9106175271067	
99.399999999999	0.88526403070424	1.9146834587669	
99.499999999999	0.88367103009462	1.9187233606661	
99.599999999999	0.88207300732683	1.9227372476204	
99.699999999999	0.88046986485705	1.9267251334353	
99.799999999999	0.87886150245304	1.9306870308827	
99.899999999999	0.87724781709194	1.9346229516744	
99.999999999999	0.87562870285326	1.9385329064368	
100.1	0.87400405080666	1.9424169046832	
100.2	0.87237374889421	1.9462749547852	
100.3	0.87073768180686	1.9501070639434	
100.4	0.86909573085471	1.9539132381565	
100.5	0.86744777383082	1.9576934821894	
100.6	0.86579368486797	1.9614477995392	
100.7	0.86413333428816	1.9651761924011	
100.8	0.86246658844425	1.9688786616314	
100.9	0.86079330955329	1.9725552067102	
101	0.85911335552106	1.9762058257012	
101.1	0.85742657975715	1.9798305152107	
101.2	0.85573283098012	1.9834292703446	
101.3	0.85403195301198	1.9870020846631	
101.4	0.85232378456125	1.9905489501334	
101.5	0.85060815899406	1.9940698570806	
101.6	0.8488849040922	1.9975647941362	
101.7	0.84715384179744	2.0010337481837	
101.8	0.84541478794107	2.0044767043024	
101.9	0.84366755195776	2.0078936457077	
102	0.84191193658243	2.0112845536893	
102.1	0.84014773752914	2.0146494075457	
102.2	0.83837474315062	2.0179881845159	
102.3	0.83659273407698	2.0213008597074	
102.4	0.8348014828322	2.0245874060207	
102.5	0.83300075342664	2.0278477940698	
102.6	0.83119030092384	2.0310819920988	
102.7	0.82936987097967	2.0342899658938	
102.8	0.82753919935162	2.0374716786906	
102.9	0.82569801137598	2.0406270910767	
103	0.82384602141043	2.0437561608886	
103.1	0.8219829322392	2.0468588431032	
103.2	0.82010843443782	2.0499350897233	
103.3	0.81822220569415	2.0529848496561	
103.4	0.81632391008219	2.0560080685855	
103.5	0.81441319728455	2.0590046888362	
103.6	0.81248970175939	2.0619746492307	
103.7	0.81055304184698	2.0649178849369	
103.8	0.80860281881064	2.0678343273067	
103.9	0.80663861580642	2.0707239037055	
104	0.80465999677497	2.0735865373299	
104.1	0.80266650524873	2.0764221470149	
104.2	0.80065766306659	2.079230647028	
104.3	0.79863296898752	2.0820119468507	
104.4	0.79659189719358	2.0847659509453	
104.5	0.79453389567187	2.0874925585057	
104.6	0.79245838446352	2.0901916631924	
104.7	0.79036475376689	2.0928631528479	
104.8	0.78825236188033	2.0955069091938	
104.9	0.78612053296821	2.0981228075047	
105	0.78396855463236	2.1007107162604	
105.1	0.78179567526835	2.1032704967711	
105.2	0.77960110118407	2.105802002776	
105.3	0.77738399345498	2.1083050800105	
105.4	0.77514346448741	2.1107795657411	
105.5	0.77287857425743	2.113225288263	
105.6	0.77058832618891	2.115642066359	
105.7	0.76827166262935	2.1180297087135	
105.8	0.7659274598768	2.120388013279	
105.9	0.76355452270467	2.1227167665896	
106	0.76115157832405	2.1250157430153	
106.1	0.7587172697148	2.1272847039526	
106.2	0.75625014824655	2.1295233969427	
106.3	0.75374866549981	2.1317315547109	
106.4	0.75121116418384	2.1339088941175	
106.5	0.74863586803259	2.1360551150103	
106.6	0.74602087054177	2.1381698989683	
106.7	0.74336412238908	2.1402529079223	
106.8	0.74066341735437	2.1423037826393	
106.9	0.73791637652695	2.1443221410519	
107	0.73512043055248	2.1463075764164	
107.1	0.73227279963007	2.1482596552745	
107.2	0.72937047092082	2.1501779151957	
107.3	0.72641017296982	2.1520618622698	
107.4	0.72338834667269	2.1539109683157	
107.5	0.72030111223237	2.1557246677686	
107.6	0.71714423144859	2.1575023541976	
107.7	0.71391306455794	2.1592433764022	
107.8	0.71060252068977	2.160947034024	
107.9	0.70720700081812	2.1626125726007	
108	0.70372033186186	2.1642391779744	
108.1	0.70013569030486	2.1658259699525	
108.2	0.69644551336132	2.1673719950984	
108.3	0.69264139528069	2.168876218505	
108.4	0.68871396584863	2.1703375143775	
108.5	0.68465274746687	2.1717546552141	
108.6	0.68044598634471	2.1731262993293	
108.7	0.67608045225968	2.1744509764108	
108.8	0.67154119997527	2.1757270707337	
108.9	0.66681128365184	2.1769528015663	
109	0.66187141333358	2.1781262001992	
109.1	0.65669953968064	2.1792450828888	
109.2	0.65127034932899	2.180307018835	
109.3	0.64555464831318	2.1813092920879	
109.4	0.63951860449356	2.1822488559928	
109.5	0.63312281136681	2.1831222784105	
109.6	0.62632112430891	2.1839256754649	
109.7	0.61905920526703	2.1846546309402	
109.8	0.6112726919574	2.1853040976158	
109.9	0.60288488117209	2.1858682757381	
110	0.59380378094985	2.1863404623917	
110.1	0.58391834106336	2.1867128636432	
110.2	0.57309361386829	2.1869763588846	
110.3	0.56116452834603	2.187120203659	
110.4	0.54792788506293	2.1871316533762	
110.5	0.53313211867371	2.1869954858483	
110.6	0.51646437982854	2.1866933961562	
110.7	0.49753468374044	2.1862032349063	
110.8	0.47585753292981	2.1854980650729	
110.9	0.45083312082643	2.1845450336969	
111	0.42173406785238	2.1833041140902	
111.1	0.38771147545384	2.1817269115659	
111.2	0.34784800712858	2.1797560016331	
111.3	0.30130479852606	2.1773257352801	
111.4	0.24761921836119	2.1743660124327	
111.5	0.18716895058278	2.1708106752504	
111.6	0.12166548987404	2.1666108031412	
111.7	0.054317239350502	2.1617496015309	
111.8	-0.010708820583327	2.156251883616	
111.9	-0.069436081582843	2.1501820676311	
112	-0.11918138106118	2.1436311758808	
112.1	-0.158989661659	2.1366995304381	
112.2	-0.18935501800163	2.1294822745717	
112.3	-0.21161330470015	2.1220609890521	
112.4	-0.22738037770183	2.1145009329427	
112.5	-0.23819380065078	2.106851865273	
112.6	-0.24534899836462	2.0991504990418	
112.7	-0.24986171843748	2.0914233235485	
112.8	-0.25249330545616	2.083689167575	
112.9	-0.25379810587095	2.075961283308	
113	-0.25417223712447	2.0682489385903	
113.1	-0.25389535203232	2.0605585885985	
113.2	-0.25316338433476	2.0528947179603	
113.3	-0.25211298218906	2.0452604370457	
113.4	-0.25083920385961	2.0376579002565	
113.5	-0.24940809844558	2.0300885977776	
113.6	-0.24786554710225	2.0225535584106	
113.7	-0.24624343205435	2.0150534903641	
113.8	-0.24456392292849	2.0075888789375	
113.9	-0.24284244824456	2.0001600543192	
114	-0.24108975348773	1.9927672386876	
114.1	-0.23931332652349	1.985410578975	
114.2	-0.23751838544752	1.9780901696963	
114.3	-0.23570856391525	1.9708060688849	
114.4	-0.23388638724201	1.9635583092394	
114.5	-0.23205360366961	1.9563469059378	
114.6	-0.23021141525272	1.94917186213	
114.7	-0.22836063907117	1.9420331728072	
114.8	-0.22650182000103	1.9349308275384	
114.9	-0.2246353097463	1.9278648124099	
115	-0.22276132232656	1.9208351114081	
115.1	-0.22087997310302	1.9138417074086	
115.2	-0.21899130627111	1.9068845828886	
115.3	-0.21709531425616	1.899963720445	
115.4	-0.21519195141184	1.8930791031729	
115.5	-0.21328114370152	1.8862307149485	
115.6	-0.21136279554026	1.8794185406415	
115.7	-0.20943679462516	1.8726425662796	
115.8	-0.20750301533661	1.8659027791783	
115.9	-0.20556132112143	1.8591991680469	
116	-0.20361156614819	1.8525317230777	
116.1	-0.2016535964404	1.8459004360233	
116.2	-0.19968725063307	1.8393053002663	
116.3	-0.19771236045638	1.8327463108845	
116.4	-0.19572875101983	1.8262234647125	
116.5	-0.19373624094924	1.819736760402	
116.6	-0.19173464241386	1.8132861984817	
116.7	-0.18972376106995	1.8068717814174	
116.8	-0.18770339593962	1.8004935136739	
116.9	-0.18567333923802	1.794151401777	
117	-0.18363337615827	1.7878454543795	
117.1	-0.18158328462022	1.7815756823275	
117.2	-0.17952283498746	1.7753420987308	
117.3	-0.17745178975505	1.7691447190357	
117.4	-0.17536990320971	1.7629835611008	
117.5	-0.1732769210629	1.756858645277	
117.6	-0.17117258005693	1.7507699944902	
117.7	-0.16905660754342	1.7447176343289	
117.8	-0.16692872103327	1.7387015931358	
117.9	-0.16478862771664	1.7327219021033	
118	-0.16263602395145	1.7267785953754	
118.1	-0.16047059471821	1.7208717101528	
118.2	-0.15829201303912	1.7150012868054	
118.3	-0.1560999393588	1.7091673689893	
118.4	-0.15389402088382	1.7033700037711	
118.5	-0.15167389087791	1.6976092417579	
118.6	-0.14943916790942	1.6918851372357	
118.7	-0.14718945504711	1.6861977483145	
118.8	-0.14492433900013	1.6805471370818	
118.9	-0.14264338919768	1.6749333697654	
119	-0.14034615680299	1.6693565169051	
119.1	-0.13803217365632	1.6638166535347	
119.2	-0.13570095114067	1.6583138593748	
119.3	-0.13335197896335	1.6528482190376	
119.4	-0.13098472384609	1.6474198222435	
119.5	-0.12859862811524	1.6420287640523	
119.6	-0.12619310818295	1.6366751451077	
119.7	-0.12376755290924	1.6313590718988	
119.8	-0.12132132183356	1.6260806570379	
119.9	-0.11885374326349	1.6208400195564	
120	-0.11636411220656	1.6156372852212	
120.1	-0.11385168812971	1.6104725868728	
120.2	-0.11131569252913	1.6053460647855	
120.3	-0.10875530629119	1.600257867055	
120.4	-0.10616966682275	1.5952081500117	
120.5	-0.10355786492672	1.5901970786658	
120.6	-0.10091894139558	1.5852248271839	
120.7	-0.098251883292298	1.5802915794024	
120.8	-0.09555561988419	1.5753975293801	
120.9	-0.092829018190694	1.5705428819932	
121	-0.090070878101112	1.5657278535783	
121.1	-0.087279927012377	1.5609526726266	
121.2	-0.084454813930177	1.556217580536	
121.3	-0.081594102968973	1.5515228324252	
121.4	-0.078696266177365	1.5468686980184	
121.5	-0.075759675604787	1.5422554626058	
121.6	-0.072782594513284	1.5376834280905	
121.7	-0.069763167623877	1.5331529141289	
121.8	-0.066699410270338	1.5286642593778	
121.9	-0.063589196313684	1.5242178228575	
122	-0.06043024464768	1.5198139854474	
122.1	-0.057220104098559	1.5154531515276	
122.2	-0.053956136490099	1.5111357507857	
122.3	-0.050635497607152	1.5068622402091	
122.4	-0.047255115745459	1.5026331062859	
122.5	-0.043811667481515	1.4984488674425	
122.6	-0.040301550231474	1.4943100767483	
122.7	-0.036720851090215	1.4902173249251	
122.8	-0.03306531134771	1.4861712437024	
122.9	-0.029330285966	1.4821725095688	
123	-0.025510697161696	1.4782218479772	
123.1	-0.02160098106996	1.4743200380714	
123.2	-0.017595026258767	1.4704679180137	
123.3	-0.013486102607265	1.4666663910101	
123.4	-0.0092667787466597	1.4629164321423	
123.5	-0.0049288258702387	1.4592190961433	
123.6	-0.00046310523005366	1.4555755262753	
123.7	0.004140563975825	1.4519869645038	
123.8	0.0088935603952356	1.4484547631997	
123.9	0.013808645043483	1.4449803986535	
124	0.018900180854805	1.4415654867452	
124.1	0.024184395165757	1.4382118011939	
124.2	0.029679695096991	1.4349212949076	
124.3	0.035407048476262	1.4316961250797	
124.4	0.04139044643564	1.4285386828369	
124.5	0.04765746839423	1.4254516284497	
124.6	0.054239976178825	1.4224379333781	
124.7	0.061174972051635	1.4195009307717	
124.8	0.068505666110022	1.4166443764915	
124.9	0.076282812861682	1.4138725233119	
125	0.084566396075145	1.4111902117433	
125.1	0.093427767035656	1.4086029819587	
125.2	0.10295237645021	1.4061172126915	
125.3	0.11324328743183	1.4037402948287	
125.4	0.1244257197602	1.4014808499016	
125.5	0.13665295734658	1.3993490069577	
125.6	0.15011405280411	1.3973567555967	
125.7	0.16504387924965	1.3955183983932	
125.8	0.18173618410667	1.3938511324033	
125.9	0.20056031786357	1.3923757960917	
126	0.22198205319226	1.3911178220684	
126.1	0.24658793370433	1.3901084303297	
126.2	0.27510992832821	1.3893860644518	
126.3	0.30844088262553	1.3889979783322	
126.4	0.34761810391127	1.3890016552333	
126.5	0.39372909729357	1.3894652829987	
126.6	0.44766444891491	1.3904657630802	
126.7	0.50964252190035	1.3920819833408	
126.8	0.57854647384379	1.3943814943434	
126.9	0.65141204036038	1.3974021094733	
127	0.72365714866527	1.4011358413566	
127.1	0.79030441974457	1.4055250728718	
127.2	0.8475517338953	1.4104744042003	
127.3	0.89367269606144	1.4158714525296	
127.4	0.92888814914994	1.4216063182255	
127.5	0.95463545646561	1.4275837135064	
127.6	0.97280709122298	1.4337274657542	
127.7	0.98524403482052	1.4399799562119	
127.8	0.9934993840413	1.4462992020472	
127.9	0.99878099028271	1.4526553735163	
128	1.0019824069623	1.4590276285146	
128.1	1.0037440737944	1.4654015653392	
128.2	1.0045158098763	1.471767305175	
128.3	1.0046094933546	1.4781181048464	
128.4	1.0042396150882	1.4844493775534	
128.5	1.0035529648717	1.4907580121717	
128.6	1.0026497207854	1.497041904618	
128.7	1.001598157677	1.5032996371021	
128.8	1.0004447887956	1.5095302593417	
128.9	0.99922130967729	1.5157331395895	
129	0.99794933288912	1.5219078632602	
129.1	0.99664360917862	1.5280541639421	
129.2	0.99531421671858	1.5341718764183	
129.3	0.99396804881053	1.5402609046448	
129.4	0.99260982529566	1.546321199898	
129.5	0.99124278072925	1.5523527458407	
129.6	0.98986913313581	1.5583555483013	
129.7	0.98849040371411	1.5643296282677	
129.8	0.98710763519267	1.570275017077	
129.9	0.98572154118711	1.5761917531061	
130	0.98433260852061	1.5820798794926	
130.1	0.9829411674322	1.5879394425605	
130.2	0.98154743982859	1.5937704907319	
130.3	0.98015157249987	1.5995730737725	
130.4	0.97875366002187	1.6053472422671	
130.5	0.97735376057285	1.6110930472546	
130.6	0.9759519068741	1.6168105399734	
130.7	0.97454811376957	1.6224997716819	
130.8	0.97314238348477	1.628160793533	
130.9	0.97173470928068	1.6337936564846	
131	0.97032507799573	1.6393984112364	
131.1	0.96891347181612	1.6449751081841	
131.2	0.96749986950965	1.6505237973858	
131.3	0.96608424728604	1.6560445285373	
131.4	0.96466657939653	1.6615373509538	
131.5	0.96324683855133	1.6670023135555	
131.6	0.96182499620944	1.6724394648554	
131.7	0.96040102277896	1.6778488529508	
131.8	0.95897488775434	1.6832305255146	
131.9	0.95754655980921	1.6885845297882	
132	0.95611600685777	1.6939109125754	
132.1	0.95468319609388	1.6992097202357	
132.2	0.95324809401413	1.7044809986792	
132.3	0.95181066642957	1.70972479336	
132.4	0.95037087846912	1.7149411492716	
132.5	0.948928694577	1.72013011094	
132.6	0.94748407850559	1.725291722419	
132.7	0.94603699330506	1.7304260272838	
132.8	0.9445874013103	1.7355330686254	
132.9	0.9431352641259	1.740612889044	
133	0.94168054260941	1.7456655306435	
133.1	0.94022319685323	1.7506910350245	
133.2	0.93876318616531	1.7556894432779	
133.3	0.93730046904868	1.7606607959785	
133.4	0.93583500318007	1.7656051331773	
133.5	0.93436674538741	1.7705224943952	
133.6	0.93289565162653	1.7754129186149	
133.7	0.93142167695676	1.7802764442738	
133.8	0.92994477551571	1.7851131092558	
133.9	0.92846490049295	1.7899229508836	
134	0.92698200410278	1.7947060059098	
134.1	0.92549603755592	1.7994623105091	
134.2	0.92400695103012	1.8041919002687	
134.3	0.92251469363971	1.8088948101797	
134.4	0.92101921340392	1.8135710746272	
134.5	0.91952045721406	1.8182207273808	
134.6	0.9180183707994	1.8228438015849	
134.7	0.91651289869175	1.8274403297474	
134.8	0.91500398418863	1.83201034373	
134.9	0.91349156931508	1.8365538747363	
135	0.9119755947839	1.8410709533009	
135.1	0.91045599995427	1.8455616092772	
135.2	0.90893272278887	1.8500258718256	
135.3	0.90740569980908	1.8544637694001	
135.4	0.90587486604853	1.8588753297363	
135.5	0.90434015500459	1.8632605798367	
135.6	0.90280149858801	1.8676195459577	
135.7	0.90125882707035	1.8719522535944	
135.8	0.89971206902924	1.8762587274661	
135.9	0.89816115129135	1.8805389915002	
136	0.89660599887286	1.8847930688169	
136.1	0.89504653491745	1.8890209817118	
136.2	0.89348268063152	1.893222751639	
136.3	0.89191435521661	1.8973983991932	
136.4	0.89034147579884	1.901547944091	
136.5	0.88876395735518	1.9056714051517	
136.6	0.88718171263641	1.9097688002773	
136.7	0.88559465208661	1.9138401464321	
136.8	0.88400268375892	1.9178854596206	
136.9	0.88240571322744	1.9219047548658	
137	0.88080364349501	1.9258980461852	
137.1	0.87919637489665	1.9298653465678	
137.2	0.87758380499844	1.9338066679479	
137.3	0.87596582849146	1.9377220211799	
137.4	0.87434233708074	1.9416114160107	
137.5	0.87271321936867	1.9454748610517	
137.6	0.87107836073269	1.9493123637497	
137.7	0.86943764319691	1.9531239303557	
137.8	0.86779094529727	1.956909565894	
137.9	0.86613814193979	1.9606692741281	
138	0.86447910425165	1.9644030575268	
138.1	0.86281369942449	1.9681109172279	
138.2	0.86114179054948	1.9717928530009	
138.3	0.85946323644378	1.9754488632073	
138.4	0.85777789146762	1.9790789447601	
138.5	0.85608560533156	1.9826830930807	
138.6	0.85438622289324	1.9862613020545	
138.7	0.85267958394292	1.989813563984	
138.8	0.85096552297709	1.9933398695399	
138.9	0.8492438689593	1.9968402077102	
139	0.84751444506744	2.0003145657465	
139.1	0.84577706842644	2.003762929108	
139.2	0.84403154982543	2.0071852814028	
139.3	0.84227769341829	2.0105816043262	
139.4	0.84051529640635	2.0139518775962	
139.5	0.83874414870206	2.017296078886	
139.6	0.83696403257218	2.0206141837524	
139.7	0.83517472225898	2.0239061655611	
139.8	0.8333759835779	2.0271719954083	
139.9	0.83156757348988	2.0304116420381	
140	0.82974923964636	2.0336250717552	
140.1	0.82792071990502	2.0368122483334	
140.2	0.82608174181381	2.0399731329193	
140.3	0.82423202206098	2.04310768393	
140.4	0.82237126588823	2.0462158569466	
140.5	0.82049916646412	2.0492976045997	
140.6	0.81861540421453	2.0523528764507	
140.7	0.81671964610654	2.0553816188646	
140.8	0.81481154488195	2.0583837748762	
140.9	0.81289073823614	2.0613592840485	
141	0.81095684793759	2.0643080823221	
141.1	0.80900947888295	2.0672301018562	
141.2	0.80704821808202	2.0701252708599	
141.3	0.80507263356633	2.0729935134121	
141.4	0.80308227321459	2.075834749271	
141.5	0.80107666348727	2.0786488936717	
141.6	0.79905530806194	2.0814358571096	
141.7	0.7970176863602	2.0841955451104	
141.8	0.79496325195561	2.086927857985	
141.9	0.79289143085148	2.0896326905671	
142	0.79080161961544	2.0923099319334	
142.1	0.78869318335685	2.0949594651042	
142.2	0.78656545353106	2.0975811667227	
142.3	0.78441772555284	2.1001749067115	
142.4	0.78224925619923	2.1027405479037	
142.5	0.78005926077951	2.1052779456474	
142.6	0.77784691004751	2.1077869473794	
142.7	0.77561132682811	2.1102673921673	
142.8	0.77335158232645	2.112719110215	
142.9	0.77106669208425	2.11514192233	
143	0.76875561154293	2.1175356393471	
143.1	0.76641723116803	2.119900061505	
143.2	0.76405037108313	2.1222349777714	
143.3	0.76165377515454	2.1245401651102	
143.4	0.75922610445973	2.1268153876855	
143.5	0.75676593006302	2.1290603959962	
143.6	0.75427172501105	2.1312749259315	
143.7	0.75174185544768	2.1334586977416	
143.8	0.74917457073307	2.1356114149116	
143.9	0.74656799243396	2.1377327629287	
144	0.74392010203195	2.1398224079292	
144.1	0.74122872717199	2.1418799952128	
144.2	0.73849152624504	2.1439051476063	
144.3	0.73570597106494	2.1458974636578	
144.4	0.73286932735943	2.1478565156423	
144.5	0.72997863274762	2.1497818473514	
144.6	0.72703067181905	2.1516729716405	
144.7	0.72402194786132	2.1535293676998	
144.8	0.7209486507011	2.1553504780118	
144.9	0.71780662002403	2.1571357049497	
145	0.71459130341935	2.1588844069664	
145.1	0.71129770824882	2.1605958943131	
145.2	0.70792034626179	2.1622694242152	
145.3	0.70445316965978	2.1639041954233	
145.4	0.70088949704585	2.1654993420386	
145.5	0.69722192736217	2.167053926496	
145.6	0.6934422395077	2.1685669315622	
145.7	0.68954127481446	2.1700372511824	
145.8	0.68550879891836	2.1714636799716	
145.9	0.68133333875068	2.1728449011064	
146	0.6770019893532	2.1741794723191	
146.1	0.6725001839176	2.1754658096342	
146.2	0.66781141878655	2.1767021684011	
146.3	0.66291692301608	2.1778866210785	
146.4	0.65779525933839	2.1790170310942	
146.5	0.65242183977951	2.1800910219371	
146.6	0.64676833450872	2.1811059404311	
146.7	0.64080194636216	2.1820588128626	
146.8	0.63448451540173	2.1829462922859	
146.9	0.62777140718404	2.1837645948706	
147	0.62061012424223	2.1845094225566	
147.1	0.61293856146552	2.1851758685	
147.2	0.60468280110403	2.1857583007591	
147.3	0.59575431019352	2.1862502183153	
147.4	0.5860463602289	2.1866440717382	
147.5	0.57542943410111	2.186931038483	
147.6	0.56374531833495	2.1871007398168	
147.7	0.5507995037918	2.1871408826481	
147.8	0.53635145115899	2.1870368051469	
147.9	0.52010226199827	2.1867709005156	
148	0.5016794360157	2.1863218901503	
148.1	0.48061892440774	2.1856639195954	
148.2	0.45634610281936	2.1847654669562	
148.3	0.42816055979996	2.1835881022985	
148.4	0.39523641638541	2.182085253329	
148.5	0.35666243392829	2.1802013742327	
148.6	0.31156467924079	2.1778723401747	
148.7	0.25936895911546	2.1750284586193	
148.8	0.20023459871632	2.1716018001062	
148.9	0.13556458954942	2.1675385995029	
149	0.068274072780238	2.1628143044696	
149.1	0.0024121757799176	2.1574448141919	
149.2	-0.057900585948015	2.1514870906059	
149.3	-0.10964916188336	2.1450280289148	
149.4	-0.15152280375424	2.1381673824212	
149.5	-0.18376015034415	2.1310022752296	
149.6	-0.20757362915282	2.1236174952001	
149.7	-0.22455772611501	2.1160817136548	
149.8	-0.23628532485794	2.1084477410536	
149.9	-0.24410840283417	2.1007547701	
150	-0.2491001044795	2.0930311910775	
150.1	-0.25207108796351	2.0852972371052	
150.2	-0.25361458772104	2.0775671732947	
150.3	-0.25415589386852	2.0698509868888	
150.4	-0.25399588111322	2.0621556389802	
150.5	-0.25334562498967	2.0544859678108	
150.6	-0.25235244583745	2.0468453300274	
150.7	-0.25111886681023	2.0392360512312	
150.8	-0.24971613486438	2.0316597405312	
150.9	-0.24819374158121	2.024117509342	
151	-0.24658607438461	2.01661012329	
151.1	-0.24491704110851	2.0091381076099	
151.2	-0.24320327706908	2.0017018202884	
151.3	-0.24145636653672	1.9943015028659	
151.4	-0.23968438123323	1.9869373157642	
151.5	-0.23789294636934	1.9796093628932	
151.6	-0.23608598003381	1.9723177088209	
151.7	-0.23426620669362	1.965062390777	
151.8	-0.23243551436195	1.9578434270657	
151.9	-0.23059520344689	1.9506608229738	
152	-0.22874616043981	1.9435145749321	
152.1	-0.22688897936703	1.9364046734547	
152.2	-0.22502404687226	1.929331105223	
152.3	-0.22315160193012	1.9222938545673	
152.4	-0.22127177782925	1.9152929045276	
152.5	-0.21938463173872	1.9083282376162	
152.6	-0.21749016556068	1.9013998363697	
152.7	-0.2155883406551	1.8945076837537	
152.8	-0.21367908824536	1.8876517634626	
152.9	-0.21176231677274	1.8808320601445	
153	-0.20983791709018	1.8740485595747	
153.1	-0.20790576612208	1.8673012487915	
153.2	-0.2059657294318	1.8605901162067	
153.3	-0.2040176630091	1.8539151516973	
153.4	-0.2020614144981	1.8472763466856	
153.5	-0.20009682402254	1.8406736942099	
153.6	-0.19812372471925	1.8341071889902	
153.7	-0.19614194305888	1.8275768274909	
153.8	-0.19415129901002	1.8210826079809	
153.9	-0.19215160608669	1.8146245305935	
154	-0.19014267130748	1.808202597387	
154.1	-0.18812429508667	1.8018168124051	
154.2	-0.18609627107124	1.79546718174	
154.3	-0.18405838593403	1.7891537135967	
154.4	-0.18201041912955	1.7828764183595	
154.5	-0.17995214261738	1.7766353086617	
154.6	-0.17788332055585	1.7704303994575	
154.7	-0.17580370896779	1.7642617080975	
154.8	-0.17371305537933	1.7581292544077	
154.9	-0.17161109843156	1.7520330607715	
155	-0.16949756746487	1.7459731522163	
155.1	-0.16737218207493	1.7399495565043	
155.2	-0.165234651639	1.7339623042273	
155.3	-0.16308467481118	1.7280114289069	
155.4	-0.16092193898436	1.7220969670994	
155.5	-0.15874611971701	1.7162189585059	
155.6	-0.15655688012206	1.7103774460895	
155.7	-0.15435387021527	1.7045724761968	
155.8	-0.15213672621995	1.6988040986879	
155.9	-0.14990506982461	1.693072367072	
156	-0.14765850738983	1.6873773386515	
156.1	-0.14539662910027	1.6817190746738	
156.2	-0.14311900805718	1.676097640492	
156.3	-0.14082519930656	1.6705131057346	
156.4	-0.13851473879739	1.6649655444854	
156.5	-0.13618714226392	1.6594550354741	
156.6	-0.13384190402534	1.6539816622781	
156.7	-0.13147849569558	1.6485455135373	
156.8	-0.12909636479501	1.6431466831814	
156.9	-0.12669493325507	1.6377852706722	
157	-0.12427359580599	1.632461381261	
157.1	-0.12183171823651	1.6271751262629	
157.2	-0.11936863551335	1.6219266233494	
157.3	-0.1168836497469	1.6167159968598	
157.4	-0.11437602798784	1.6115433781346	
157.5	-0.11184499983798	1.6064089058715	
157.6	-0.10928975485629	1.6013127265067	
157.7	-0.10670943973908	1.5962549946228	
157.8	-0.10410315525066	1.5912358733868	
157.9	-0.10146995287794	1.5862555350205	
158	-0.098808831179006	1.5813141613054	
158.1	-0.096118731792234	1.5764119441272	
158.2	-0.093398535067772	1.5715490860613	
158.3	-0.090647055278608	1.566725801006	
158.4	-0.08786303536257	1.5619423148652	
158.5	-0.085045141140073	1.5571988662881	
158.6	-0.082191954944863	1.55249570747	
158.7	-0.079301968596215	1.5478331050215	
158.8	-0.076373575630874	1.5432113409129	
158.9	-0.073405062701203	1.5386307135021	
159	-0.070394600032161	1.5340915386552	
159.1	-0.067340230813663	1.5295941509696	
159.2	-0.064239859385917	1.525138905113	
159.3	-0.06109123805315	1.5207261772892	
159.4	-0.05789195233493	1.5163563668487	
159.5	-0.054639404433353	1.5120298980593	
159.6	-0.051330794657646	1.5077472220575	
159.7	-0.047963100504107	1.503508819005	
159.8	-0.044533053037186	1.4993152004734	
159.9	-0.041037110155176	1.4951669120916	
160	-0.037471426249035	1.4910645364879	
160.1	-0.033831817672508	1.4870086965698	
160.2	-0.030113723332401	1.4830000591885	
160.3	-0.026312159574973	1.4790393392446	
160.4	-0.022421668382408	1.4751273043001	
160.5	-0.018436257694834	1.4712647797737	
160.6	-0.014349332429223	1.4674526548124	
160.7	-0.010153614464883	1.4636918889453	
160.8	-0.0058410494908825	1.4599835196513	
160.9	-0.0014026981438357	1.4563286709924	
161	0.0031713917205541	1.4527285635008	
161.1	0.0078923355158064	1.4491845255421	
161.2	0.012772589999504	1.4456980064261	
161.3	0.017826164949183	1.4422705915966	
161.4	0.023068875974295	1.4389040203055	
161.5	0.028518647956646	1.4356002062694	
161.6	0.034195881146271	1.4323612619261	
161.7	0.040123895240729	1.4291895270608	
161.8	0.046329471100869	1.4260876027649	
161.9	0.052843515456058	1.4230583919397	
162	0.059701881507113	1.420105147885	
162.1	0.066946388404335	1.4172315329367	
162.2	0.074626096064012	1.4144416896732	
162.3	0.082798909922993	1.4117403279525	
162.4	0.091533614688015	1.4091328320193	
162.5	0.1009124691365	1.4066253932276	
162.6	0.11103453842524	1.4042251756727	
162.7	0.12201999959095	1.4019405243577	
162.8	0.13401573349144	1.3997812286211	
162.9	0.14720261433341	1.3977588576204	
163	0.16180502237919	1.3958871898695	
163.1	0.17810321636681	1.3941827651204	
163.2	0.19644924870429	1.3926655936233	
163.3	0.21728693138139	1.3913600627802	
163.4	0.24117559067232	1.3902960784907	
163.49999999999	0.26881515587822	1.3895104539147	
163.59999999999	0.30106481937774	1.3890484809062	
163.69999999999	0.33893609892018	1.3889654283246	
163.79999999999	0.38352003095018	1.3893273103582	
163.89999999999	0.43577901804843	1.3902095765972	
163.99999999999	0.49612215170834	1.3916915691913	
164.09999999999	0.56376553706435	1.3938446130294	
164.19999999999	0.63614331669044	1.3967142605449	
164.29999999999	0.70893864134664	1.400302889734	
164.39999999999	0.77712225986318	1.4045627055688	
164.49999999999	0.83653944543052	1.4094045885517	
164.59999999999	0.88501146132757	1.414717908394	
164.69999999999	0.92240406866923	1.4203909716515	
164.79999999999	0.9499698855857	1.4263248583615	
164.89999999999	0.96955841412934	1.4324393441424	
164.99999999999	0.98304865808125	1.4386731478536	
165.09999999999	0.99206270714438	1.444981321621	
165.19999999999	0.99787949067176	1.4513317870601	
165.29999999999	1.0014532939264	1.4577020648372	
165.39999999999	1.0034718364579	1.4640765917225	
165.49999999999	1.0044198394574	1.470444678421	
165.59999999999	1.0046341283414	1.4767990221491	
165.69999999999	1.0043466711612	1.4831346522301	
165.79999999999	1.0037163484766	1.4894481952268	
165.89999999999	1.0028516378051	1.4957373681844	
165.99999999999	1.0018264843935	1.5020006314497	
166.09999999999	1.0006912655862	1.5082369517263	
166.19999999999	0.99948030690355	1.5144456406936	
166.29999999999	0.99821701042755	1.5206262451849	
166.39999999999	0.99691734496906	1.5267784724534	
166.49999999999	0.99559221844631	1.5329021392897	
166.59999999999	0.99424908999581	1.5389971373463	
166.69999999999	0.99289306582091	1.5450634094808	
166.79999999999	0.99152764467119	1.5511009335935	
166.89999999999	0.99015522550646	1.5571097115696	
166.99999999999	0.98877745364258	1.5630897617018	
167.09999999999	0.98739545709459	1.569041113489	
167.19999999999	0.98601000818677	1.5749638040607	
167.29999999999	0.98462163423104	1.5808578757138	
167.39999999999	0.98323069344475	1.5867233742127	
167.49999999999	0.98183742710906	1.5925603476147	
167.59999999999	0.98044199546165	1.5983688454557	
167.69999999999	0.97904450243651	1.6041489181846	
167.79999999999	0.97764501274392	1.6099006167701	
167.89999999999	0.97624356368102	1.6156239924259	
167.99999999999	0.97484017331149	1.621319096418	
168.09999999999	0.9734348461391	1.6269859799295	
168.19999999999	0.97202757704857	1.6326246939651	
168.29999999999	0.97061835404651	1.6382352892824	
168.39999999999	0.96920716016991	1.6438178163432	
168.49999999999	0.96779397481609	1.6493723252782	
168.59999999999	0.96637877467003	1.6548988658602	
168.69999999999	0.96496153435074	1.660397487485	
168.79999999999	0.9635422268614	1.6658682391557	
168.89999999999	0.9621208239022	1.6713111694711	
168.99999999999	0.96069729608668	1.6767263266154	
169.09999999999	0.95927161309038	1.6821137583504	
169.19999999999	0.95784374375166	1.6874735120079	
169.29999999999	0.9564136561388	1.6928056344831	
169.39999999999	0.95498131759307	1.6981101722285	
169.49999999999	0.95354669475477	1.7033871712479	
169.59999999999	0.95210975357698	1.7086366770909	
169.69999999999	0.95067045933051	1.7138587348471	
169.79999999999	0.94922877660239	1.7190533891403	
169.89999999999	0.94778466928964	1.7242206841229	
169.99999999999	0.94633810058942	1.7293606634701	
170.09999999999	0.94488903298655	1.734473370374	
170.19999999999	0.9434374282388	1.7395588475376	
170.29999999999	0.9419832473605	1.7446171371683	
170.39999999999	0.94052645060471	1.7496482809719	
170.49999999999	0.93906699744413	1.754652320146	
170.59999999999	0.93760484655092	1.759629295373	
170.69999999999	0.93613995577541	1.7645792468138	
170.79999999999	0.93467228212395	1.7695022140997	
170.89999999999	0.93320178173567	1.7743982363263	
170.99999999999	0.93172840985837	1.7792673520448	
171.09999999999	0.93025212082344	1.7841095992549	
171.19999999999	0.9287728680198	1.7889250153966	
171.29999999999	0.92729060386685	1.7937136373419	
171.39999999999	0.92580527978636	1.7984755013863	
171.49999999999	0.92431684617335	1.8032106432399	
171.59999999999	0.92282525236584	1.8079190980185	
171.69999999999	0.92133044661344	1.8126009002341	
171.79999999999	0.91983237604475	1.8172560837851	
171.89999999999	0.91833098663356	1.8218846819465	
171.99999999999	0.91682622316365	1.8264867273598	
172.09999999999	0.91531802919229	1.8310622520216	
172.19999999999	0.91380634701235	1.8356112872736	
172.29999999999	0.91229111761283	1.8401338637902	
172.39999999999	0.91077228063788	1.8446300115677	
172.49999999999	0.90924977434416	1.8490997599113	
172.59999999999	0.90772353555655	1.8535431374233	
172.69999999999	0.90619349962192	1.8579601719896	
172.79999999999	0.90465960036121	1.8623508907663	
172.89999999999	0.90312177001932	1.8667153201661	
172.99999999999	0.9015799392131	1.8710534858436	
173.09999999999	0.90003403687702	1.8753654126807	
173.19999999999	0.89848399020667	1.8796511247708	
173.29999999999	0.89692972459971	1.8839106454033	
173.39999999999	0.89537116359442	1.8881439970466	
173.49999999999	0.89380822880551	1.8923512013313	
173.59999999999	0.89224083985711	1.8965322790323	
173.69999999999	0.89066891431286	1.9006872500503	
173.79999999999	0.88909236760284	1.9048161333929	
173.89999999999	0.88751111294726	1.9089189471545	
173.99999999999	0.88592506127665	1.912995708496	
174.09999999999	0.88433412114845	1.9170464336234	
174.19999999999	0.88273819865969	1.9210711377656	
174.29999999999	0.88113719735567	1.9250698351513	
174.39999999999	0.87953101813433	1.9290425389852	
174.49999999999	0.87791955914607	1.9329892614231	
174.59999999999	0.87630271568877	1.9369100135461	
174.69999999999	0.87468038009778	1.9408048053337	
174.79999999999	0.87305244163051	1.9446736456359	
174.89999999999	0.87141878634537	1.948516542144	
174.99999999999	0.86977929697464	1.9523335013604	
175.09999999999	0.86813385279098	1.9561245285669	
175.19999999999	0.86648232946725	1.9598896277921	
175.29999999999	0.86482459892903	1.9636288017769	
175.39999999999	0.86316052919959	1.9673420519391	
175.49999999999	0.86148998423675	1.9710293783356	
175.59999999999	0.85981282376113	1.9746907796241	
175.69999999999	0.85812890307525	1.9783262530223	
175.79999999999	0.8564380728729	1.9819357942654	
175.89999999999	0.85474017903809	1.9855193975619	
175.99999999999	0.85303506243302	1.9890770555473	
176.09999999999	0.85132255867419	1.992608759236	
176.19999999999	0.84960249789602	1.99611449797	
176.29999999999	0.84787470450095	1.9995942593666	
176.39999999999	0.84613899689531	2.0030480292624	
176.49999999999	0.84439518720977	2.0064757916554	
176.59999999999	0.84264308100343	2.0098775286438	
176.69999999999	0.84088247695037	2.0132532203624	
176.79999999999	0.83911316650734	2.0166028449152	
176.89999999999	0.83733493356137	2.019926378305	
176.99999999999	0.83554755405563	2.0232237943597	
177.09999999999	0.83375079559217	2.026495064654	
177.19999999999	0.83194441700962	2.029740158428	
177.29999999999	0.83012816793411	2.0329590425011	
177.39999999999	0.82830178830118	2.0361516811812	
177.49999999999	0.82646500784668	2.0393180361692	
177.59999999999	0.82461754556407	2.0424580664587	
177.69999999999	0.82275910912543	2.0455717282294	
177.79999999999	0.82088939426343	2.0486589747352	
177.89999999999	0.81900808411099	2.0517197561858	
177.99999999999	0.81711484849516	2.0547540196217	
178.09999999999	0.81520934318144	2.0577617087816	
178.19999999999	0.81329120906439	2.0607427639623	
178.29999999999	0.81136007129985	2.0636971218706	
178.39999999999	0.80941553837394	2.0666247154657	
178.49999999999	0.80745720110302	2.0695254737923	
178.59999999999	0.80548463155878	2.0723993218033	
178.69999999999	0.8034973819115	2.075246180172	
178.79999999999	0.80149498318424	2.0780659650911	
178.89999999999	0.79947694390955	2.0808585880601	
178.99999999999	0.79744274867972	2.0836239556577	
179.09999999999	0.79539185658042	2.0863619693003	
179.19999999999	0.79332369949646	2.0890725249828	
179.29999999999	0.79123768027737	2.0917555130031	
179.39999999999	0.78913317074867	2.0944108176664	
179.49999999999	0.78700950955352	2.0970383169695	
179.59999999999	0.78486599980745	2.0996378822619	
179.69999999999	0.78270190654667	2.1022093778827	
179.79999999999	0.78051645394846	2.1047526607702	
179.89999999999	0.77830882229925	2.1072675800431	
179.99999999999	0.77607814468302	2.1097539765486	
180.09999999999	0.77382350335928	2.1122116823762	
180.19999999999	0.7715439257959	2.1146405203334	
180.29999999999	0.76923838031761	2.1170403033781	
180.39999999999	0.76690577132561	2.1194108340063	
180.49999999999	0.76454493403813	2.1217519035877	
180.59999999999	0.76215462869454	2.1240632916456	
180.69999999999	0.75973353415788	2.1263447650745	
180.79999999999	0.75728024084139	2.1285960772897	
180.89999999999	0.75479324287406	2.1308169673001	
180.99999999999	0.7522709294076	2.1330071586975	
181.09999999999	0.74971157495284	2.1351663585506	
181.19999999999	0.74711332861673	2.1372942561963	
181.29999999999	0.74447420209086	2.1393905219124	
181.39999999999	0.74179205621953	2.141454805461	
181.49999999999	0.73906458594728	2.1434867344842	
181.59999999999	0.73628930341374	2.1454859127365	
181.69999999999	0.73346351892441	2.1474519181305	
181.79999999999	0.73058431948041	2.1493843005738	
181.89999999999	0.72764854449515	2.1512825795698	
181.99999999999	0.72465275825992	2.1531462415486	
182.09999999999	0.72159321864173	2.1549747368928	
182.19999999999	0.71846584140118	2.1567674766152	
182.29999999999	0.71526615940277	2.1585238286377	
182.39999999999	0.71198927585044	2.1602431136121	
182.49999999999	0.70862981050975	2.1619246002167	
182.59999999999	0.7051818376696	2.1635674998438	
182.69999999999	0.70163881433904	2.1651709605857	
182.79999999999	0.69799349685756	2.1667340604033	
182.89999999999	0.69423784370405	2.168255799342	
182.99999999999	0.69036290179916	2.1697350906334	
183.09999999999	0.68635867298297	2.171170750487	
183.19999999999	0.6822139565785	2.1725614863369	
183.29999999999	0.67791616297708	2.1739058832586	
183.39999999999	0.67345109194385	2.1752023882075	
183.49999999999	0.66880266776141	2.1764492916559	
183.59999999999	0.66395262130146	2.1776447061037	
183.69999999999	0.65888010649787	2.1787865408166	
183.79999999999	0.65356123530089	2.1798724719897	
183.89999999999	0.64796851076831	2.180899907329	
183.99999999999	0.64207013215343	2.1818659437911	
184.09999999999	0.63582913822114	2.1827673168811	
184.19999999999	0.62920234494309	2.1836003394818	
184.29999999999	0.62213902036092	2.1843608276164	
184.39999999999	0.61457922166638	2.1850440098085	
184.49999999999	0.60645169600651	2.1856444157293	
184.59999999999	0.59767121541333	2.1861557385371	
184.69999999999	0.5881351755473	2.1865706636335	
184.79999999999	0.57771923569771	2.1868806543545	
184.89999999999	0.56627171290573	2.1870756822779	
184.99999999999	0.55360636907534	2.187143886253	
185.09999999999	0.53949315911152	2.1870711399942	
185.19999999999	0.52364647607233	2.1868405034961	
185.29999999999	0.50571052337836	2.1864315299052	
185.39999999999	0.48524186289507	2.185819400034	
185.49999999999	0.46169035705124	2.1849738689322	
185.59999999999	0.43438249604105	2.1838580487707	
185.69999999999	0.40251700730012	2.1824271509663	
185.79999999999	0.36519384128681	2.1806275205777	
185.89999999999	0.32151518574372	2.1783966807333	
185.99999999999	0.27081430470108	2.1756656596312	
186.09999999999	0.21305536261723	2.1723653000074	
186.19999999999	0.14934610615449	2.1684376669017	
186.29999999999	0.082292366654611	2.1638509631603	
186.39999999999	0.015777227640798	2.1586122049244	
186.49999999999	-0.045988533556962	2.1527703936048	
186.59999999999	-0.099684439919939	2.1464075303797	
186.69999999999	-0.14363594952781	2.1396221155954	
186.79999999999	-0.17779983725072	2.1325128351351	
186.89999999999	-0.20323883946318	2.1251675279207	
186.99999999999	-0.22150862122076	2.1176582959685	
187.09999999999	-0.23420901982495	2.1100411030127	
187.19999999999	-0.24274630152472	2.1023577456334	
187.29999999999	-0.24825186993471	2.0946386303582	
187.39999999999	-0.25158772515665	2.0869054893832	
187.49999999999	-0.2533881616922	2.0791736735823	
187.59999999999	-0.25410953282104	2.0714539433956	
187.69999999999	-0.25407542977394	2.0637538045864	
187.79999999999	-0.2535131904305	2.0560784764908	
187.89999999999	-0.25258162118048	2.0484315813257	
187.99999999999	-0.25139128969795	2.0408156293554	
188.09999999999	-0.25001904857078	2.0332323579747	
188.19999999999	-0.24851828451004	2.0256829677103	
188.29999999999	-0.24692608802071	2.0181682861148	
188.39999999999	-0.24526824234337	2.0106888814877	
188.49999999999	-0.24356268461531	2.0032451417871	
188.59999999999	-0.24182190369973	1.9958373294265	
188.69999999999	-0.24005460077388	1.9884656193703	
188.79999999999	-0.23826683979182	1.9811301256583	
188.89999999999	-0.2364628452427	1.9738309199061	
188.99999999999	-0.23464555602572	1.9665680442352	
189.09999999999	-0.23281701057284	1.9593415203287	
189.19999999999	-0.2309786150778	1.9521513557884	
189.29999999999	-0.22913133064109	1.9449975486105	
189.39999999999	-0.2272758040808	1.9378800903438	
189.49999999999	-0.22541245953633	1.9307989683277	
189.59999999999	-0.22354156273458	1.9237541672821	
189.69999999999	-0.22166326615752	1.9167456704444	
189.79999999999	-0.21977764084066	1.909773460385	
189.89999999999	-0.21788469879352	1.9028375195981	
189.99999999999	-0.21598440882797	1.8959378309325	
190.09999999999	-0.21407670774241	1.8890743779103	
190.19999999999	-0.21216150822674	1.8822471449656	
190.29999999999	-0.2102387044465	1.8754561176271	
190.39999999999	-0.20830817598005	1.8687012826606	
190.49999999999	-0.20636979058386	1.8619826281843	
190.59999999999	-0.20442340612138	1.8553001437637	
190.69999999999	-0.2024688718927	1.8486538204936	
190.79999999999	-0.20050602953305	1.8420436510706	
190.89999999999	-0.19853471359961	1.8354696298599	
190.99999999999	-0.19655475193113	1.8289317529582	
191.09999999999	-0.19456596584093	1.8224300182542	
191.19999999999	-0.19256817018596	1.8159644254886	
191.29999999999	-0.1905611733424	1.8095349763144	
191.39999999999	-0.1885447771096	1.8031416743574	
191.49999999999	-0.18651877655743	1.7967845252786	
191.59999999999	-0.18448295982782	1.7904635368382	
191.69999999999	-0.18243710789803	1.7841787189618	
191.79999999999	-0.18038099431038	1.7779300838092	
191.89999999999	-0.17831438487196	1.7717176458459	
191.99999999999	-0.17623703732614	1.7655414219178	
192.09999999999	-0.1741487009969	1.7594014313295	
192.19999999999	-0.17204911640618	1.7532976959257	
192.29999999999	-0.16993801486392	1.7472302401766	
192.39999999999	-0.16781511803007	1.7411990912681	
192.49999999999	-0.1656801374472	1.7352042791956	
192.59999999999	-0.16353277404232	1.7292458368631	
192.69999999999	-0.16137271759593	1.7233238001866	
192.79999999999	-0.15919964617635	1.7174382082044	
192.89999999999	-0.15701322553666	1.711589103191	
192.99999999999	-0.15481310847177	1.7057765307794	
193.09999999999	-0.15259893413247	1.7000005400878	
193.19999999999	-0.15037032729315	1.6942611838552	
193.29999999999	-0.14812689756957	1.6885585185831	
193.39999999999	-0.14586823858266	1.6828926046855	
193.49999999999	-0.14359392706374	1.6772635066483	
193.59999999999	-0.14130352189657	1.6716712931963	
193.69999999999	-0.13899656309051	1.6661160374717	
193.79999999999	-0.1366725706792	1.6605978172219	
193.89999999999	-0.13433104353796	1.655116714999	
193.99999999999	-0.13197145811293	1.649672818372	
194.09999999999	-0.12959326705386	1.644266220151	
194.19999999999	-0.1271958977418	1.6388970186271	
194.29999999999	-0.12477875070201	1.6335653178255	
194.39999999999	-0.12234119789125	1.6282712277771	
194.49999999999	-0.11988258084747	1.6230148648066	
194.59999999999	-0.11740220868871	1.6177963518401	
194.69999999999	-0.11489935594616	1.6126158187338	
194.79999999999	-0.11237326021515	1.6074734026251	
194.89999999999	-0.10982311960541	1.6023692483083	
194.99999999999	-0.10724808997009	1.597303508637	
195.09999999999	-0.10464728189036	1.5922763449557	
195.19999999999	-0.10201975738979	1.5872879275629	
195.29999999999	-0.099364526349152	1.5823384362089	
195.39999999999	-0.096680542589156	1.5774280606314	
195.49999999999	-0.093966699583757	1.5725570011328	
195.59999999999	-0.091221825762478	1.5677254692021	
195.69999999999	-0.088444679354247	1.5629336881881	
195.79999999999	-0.085633942719061	1.5581818940259	
195.89999999999	-0.082788216106365	1.5534703360247	
195.99999999999	-0.079906010770555	1.5487992777227	
196.09999999999	-0.076985741364138	1.5441689978145	
196.19999999999	-0.074025717517596	1.5395797911615	
196.29999999999	-0.071024134501669	1.5350319698917	
196.39999999999	-0.06797906285214	1.5305258646017	
196.49999999999	-0.064888436818922	1.5260618256693	
196.59999999999	-0.061750041479765	1.5216402246928	
196.69999999999	-0.058561498333621	1.5172614560693	
196.79999999999	-0.055320249158784	1.5129259387309	
196.89999999999	-0.05202353788554	1.5086341180569	
196.99999999999	-0.048668390190944	1.504386467985	
197.09999999999	-0.045251590473161	1.5001834933469	
197.19999999999	-0.041769655802739	1.4960257324577	
197.29999999999	-0.038218806376093	1.491913759994	
197.39999999999	-0.034594931909587	1.4878481901994	
197.49999999999	-0.030893553307566	1.4838296804652	
197.59999999999	-0.027109778810135	1.4798589353387	
197.69999999999	-0.023238253671066	1.4759367110244	
197.79999999999	-0.019273102225987	1.4720638204511	
197.89999999999	-0.015207860977267	1.4682411389938	
197.99999999999	-0.011035401033431	1.4644696109561	
198.09999999999	-0.0067478378831907	1.4607502569349	
198.19999999999	-0.0023364260383786	1.457084182219	
198.29999999999	0.002208564477909	1.4534725863978	
198.39999999999	0.0068979935238282	1.449916774397	
198.49999999999	0.011744022725832	1.4464181692013	
198.59999999999	0.016760319603291	1.4429783265808	
198.69999999999	0.02196230111749	1.4395989522115	
198.79999999999	0.027367425688143	1.4362819216642	
198.89999999999	0.032995545121379	1.4330293038558	
198.99999999999	0.038869331016205	1.4298433886942	
199.09999999999	0.045014794303196	1.4267267198376	
199.19999999999	0.051461921948626	1.4236821337228	
199.29999999999	0.0582454619792	1.4207128063268	
199.39999999999	0.065405897463918	1.4178223095276	
199.49999999999	0.072990662775859	1.4150146794567	
199.59999999999	0.08105567250466	1.412294499932	
199.69999999999	0.089667256370103	1.4096670049832	
199.79999999999	0.098904624497229	1.4071382057139	
199.89999999999	0.10886302917612	1.4047150483847	
199.99999999999	0.11965784507419	1.4024056128034	
