0.2	0.9905014066	0.01608776413	
0.4	1.15810768	0.03800163999	
0.6	1.197514977	0.06157393	
0.8	1.20694057	0.08533660489	
1	1.207868067	0.1090240963	
1.2	1.20630391	0.1325690838	
1.4	1.204011792	0.155952963	
1.6	1.201508587	0.1791708987	
1.8	1.198944613	0.2022220713	
2	1.196363231	0.2251068335	
2.2	1.193776833	0.2478258758	
2.4	1.191188919	0.270379983	
2.6	1.188600451	0.2927699635	
2.8	1.186011671	0.3149966291	
3	1.18342262	0.337060789	
3.2	1.18083328	0.3589632483	
3.4	1.178243619	0.3807048074	
3.6	1.175653597	0.402286262	
3.8	1.173063175	0.4237084031	
4	1.170472312	0.4449720169	
4.2	1.167880966	0.4660778849	
4.4	1.165289094	0.4870267836	
4.6	1.162696653	0.5078194852	
4.8	1.1601036	0.5284567569	
5	1.157509891	0.5489393612	
5.2	1.154915479	0.569268056	
5.4	1.152320319	0.5894435945	
5.6	1.149724365	0.6094667253	
5.8	1.14712757	0.629338192	
6	1.144529885	0.6490587339	
6.2	1.141931261	0.6686290855	
6.4	1.139331649	0.6880499766	
6.6	1.136730997	0.7073221326	
6.8	1.134129256	0.7264462739	
7	1.131526372	0.7454231165	
7.2	1.128922293	0.7642533719	
7.4	1.126316964	0.7829377466	
7.6	1.12371033	0.8014769428	
7.8	1.121102336	0.8198716581	
8	1.118492923	0.8381225852	
8.2	1.115882035	0.8562304126	
8.4	1.113269612	0.8741958238	
8.6	1.110655594	0.892019498	
8.8	1.10803992	0.9097021096	
9	1.105422527	0.9272443287	
9.2	1.102803351	0.9446468203	
9.4	1.100182328	0.9619102453	
9.6	1.097559391	0.9790352597	
9.8	1.094934474	0.9960225151	
10	1.092307506	1.012872658	
10.2	1.089678419	1.029586331	
10.4	1.08704714	1.046164172	
10.6	1.084413597	1.062606814	
10.8	1.081777715	1.078914884	
11	1.079139417	1.095089008	
11.2	1.076498627	1.111129804	
11.4	1.073855265	1.127037886	
11.6	1.07120925	1.142813864	
11.8	1.068560499	1.158458344	
12	1.065908927	1.173971925	
12.2	1.063254448	1.189355204	
12.4	1.060596974	1.204608771	
12.6	1.057936413	1.219733214	
12.8	1.055272675	1.234729112	
13	1.052605663	1.249597044	
13.2	1.049935281	1.264337581	
13.4	1.04726143	1.27895129	
13.6	1.044584008	1.293438734	
13.8	1.041902911	1.30780047	
14	1.039218033	1.322037051	
14.2	1.036529265	1.336149024	
14.4	1.033836494	1.350136932	
14.6	1.031139606	1.364001313	
14.8	1.028438483	1.377742699	
15	1.025733005	1.39136162	
15.2	1.023023047	1.404858596	
15.4	1.020308482	1.418234146	
15.6	1.01758918	1.431488783	
15.8	1.014865006	1.444623012	
16	1.012135823	1.457637337	
16.2	1.009401488	1.470532254	
16.4	1.006661857	1.483308254	
16.6	1.003916779	1.495965824	
16.8	1.001166101	1.508505444	
17	0.9984096629	1.520927588	
17.2	0.995647302	1.533232726	
17.4	0.9928788499	1.545421322	
17.6	0.9901041334	1.557493834	
17.8	0.9873229737	1.569450715	
18	0.9845351866	1.581292409	
18.2	0.9817405818	1.593019359	
18.4	0.9789389634	1.604631997	
18.6	0.9761301288	1.616130753	
18.8	0.9733138687	1.627516049	
19	0.9704899672	1.638788299	
19.2	0.9676582006	1.649947914	
19.4	0.964818338	1.660995295	
19.6	0.9619701403	1.671930838	
19.8	0.9591133599	1.682754934	
20	0.9562477406	1.693467963	
20.2	0.9533730166	1.7040703	
20.4	0.9504889126	1.714562314	
20.6	0.9475951429	1.724944364	
20.8	0.944691411	1.735216804	
21	0.9417774091	1.745379978	
21.2	0.9388528172	1.755434223	
21.4	0.9359173028	1.765379868	
21.6	0.93297052	1.775217233	
21.8	0.9300121086	1.78494663	
22	0.9270416935	1.794568362	
22.2	0.9240588839	1.804082721	
22.4	0.9210632721	1.813489993	
22.6	0.9180544326	1.822790452	
22.8	0.915031921	1.831984363	
23	0.911995273	1.841071978	
23.2	0.9089440027	1.850053543	
23.4	0.9058776016	1.858929288	
23.6	0.9027955372	1.867699435	
23.8	0.8996972509	1.876364192	
24	0.8965821568	1.884923755	
24.2	0.8934496393	1.893378308	
24.4	0.8902990514	1.901728021	
24.6	0.8871297124	1.909973048	
24.8	0.8839409053	1.918113532	
25	0.8807318741	1.926149597	
25.2	0.8775018209	1.934081353	
25.4	0.874249903	1.941908892	
25.6	0.8709752287	1.949632289	
25.8	0.867676854	1.957251601	
26	0.8643537781	1.964766864	
26.2	0.8610049384	1.972178093	
26.4	0.8576292057	1.979485282	
26.6	0.8542253781	1.986688401	
26.8	0.8507921745	1.993787397	
27	0.8473282276	2.00078219	
27.2	0.8438320759	2.00767267	
27.4	0.8403021543	2.014458701	
27.6	0.8367367846	2.021140114	
27.8	0.8331341638	2.027716704	
28	0.8294923515	2.034188233	
28.2	0.8258092556	2.040554422	
28.4	0.8220826158	2.046814951	
28.6	0.818309985	2.052969453	
28.8	0.8144887086	2.059017514	
29	0.8106158999	2.064958666	
29.2	0.8066884127	2.070792383	
29.4	0.8027028091	2.076518077	
29.6	0.798655323	2.082135089	
29.8	0.7945418172	2.087642686	
30	0.7903577333	2.093040052	
30.2	0.7860980342	2.09832628	
30.4	0.781757135	2.103500361	
30.6	0.7773288228	2.108561172	
30.8	0.7728061607	2.113507468	
31	0.7681813741	2.118337861	
31.2	0.7634457136	2.123050805	
31.4	0.7585892907	2.127644578	
31.6	0.7536008774	2.132117256	
31.8	0.7484676631	2.136466685	
32	0.7431749546	2.140690446	
32.2	0.7377058052	2.144785819	
32.4	0.7320405522	2.148749735	
32.6	0.7261562354	2.152578712	
32.8	0.7200258591	2.156268791	
33	0.7136174478	2.159815447	
33.2	0.7068928238	2.163213477	
33.4	0.6998060106	2.166456871	
33.6	0.6923011217	2.169538635	
33.8	0.6843095335	2.172450573	
34	0.6757460519	2.175183002	
34.2	0.6665036374	2.177724384	
34.4	0.6564460363	2.18006082	
34.6	0.6453973161	2.182175391	
34.8	0.633126746	2.184047236	
35	0.6193265463	2.185650266	
35.2	0.6035785254	2.186951353	
35.4	0.5853031198	2.187907683	
35.6	0.5636802708	2.188462855	
35.8	0.5375252604	2.188541008	
36	0.5050945549	2.188037847	
36.2	0.4637937916	2.186806899	
36.4	0.4097971178	2.184639022	
36.6	0.3378000472	2.181234977	
36.8	0.2419162837	2.176181664	
37	0.1204878198	2.168979353	
37.2	-0.01329782015	2.159227144	
37.4	-0.1286293258	2.146982925	
37.6	-0.2024474144	2.132895497	
37.8	-0.238885621	2.117800784	
38	-0.2534756513	2.102298528	
38.2	-0.2577065731	2.08670145	
38.4	-0.2574334332	2.071150018	
38.6	-0.2552546103	2.055703759	
38.8	-0.2522672883	2.040387385	
39	-0.2489282889	2.025211052	
39.2	-0.2454278078	2.010178862	
39.4	-0.2418453651	1.995292393	
39.6	-0.2382142749	1.980552165	
39.8	-0.2345483708	1.965958259	
40	-0.2308531708	1.951510574	
40.2	-0.2271305876	1.937208942	
40.4	-0.2233809363	1.923053175	
40.6	-0.2196037989	1.909043091	
40.8	-0.2157983993	1.895178517	
41	-0.2119637667	1.881459302	
41.2	-0.2080988056	1.867885313	
41.4	-0.2042023248	1.854456444	
41.6	-0.2002730479	1.841172613	
41.8	-0.1963096136	1.828033763	
42	-0.1923105735	1.815039867	
42.2	-0.1882743857	1.802190929	
42.4	-0.1841994077	1.789486981	
42.6	-0.1800838879	1.776928093	
42.8	-0.1759259557	1.764514368	
43	-0.1717236101	1.752245947	
43.2	-0.1674747077	1.740123015	
43.4	-0.1631769481	1.728145795	
43.6	-0.1588278585	1.716314561	
43.8	-0.1544247751	1.704629635	
44	-0.1499648235	1.693091392	
44.2	-0.1454448948	1.681700267	
44.4	-0.14086162	1.670456755	
44.6	-0.1362113389	1.659361419	
44.8	-0.1314900662	1.648414898	
45	-0.1266934511	1.637617906	
45.2	-0.1218167313	1.62697125	
45.4	-0.1168546792	1.616475827	
45.6	-0.1118015389	1.606132644	
45.8	-0.1066509537	1.59594282	
46	-0.1013958786	1.585907604	
46.2	-0.09602847872	1.576028385	
46.4	-0.0905400074	1.566306713	
46.6	-0.0849206607	1.556744313	
46.8	-0.07915940227	1.547343109	
47	-0.07324375139	1.538105251	
47.2	-0.06715952451	1.529033143	
47.4	-0.0608905181	1.520129479	
47.6	-0.05441811635	1.511397287	
47.8	-0.04772080217	1.502839979	
48	-0.0407735423	1.494461413	
48.2	-0.03354700718	1.48626597	
48.4	-0.02600657119	1.478258643	
48.6	-0.01811101829	1.470445156	
48.8	-0.009810846817	1.462832105	
49	-0.001046022575	1.455427142	
49.2	0.008257038771	1.44823921	
49.4	0.01818958176	1.441278839	
49.6	0.02886619503	1.434558554	
49.8	0.04043280171	1.428093397	
50	0.05307809223	1.421901652	
50.2	0.06705019507	1.416005836	
50.4	0.08268147728	1.410434094	
50.6	0.1004262187	1.405222202	
50.8	0.1209190535	1.400416498	
51	0.145067399	1.396078282	
51.2	0.1741997039	1.392290542	
51.4	0.2103032786	1.389168435	
51.6	0.2563924618	1.386875703	
51.8	0.3170017536	1.385649724	
52	0.3984942454	1.385835573	
52.2	0.5076779682	1.387913637	
52.4	0.6446365936	1.39245027	
52.6	0.788740442	1.399824389	
52.8	0.9020264751	1.409788557	
53	0.9666180161	1.421479362	
53.2	0.9952846755	1.434009449	
53.4	1.00569201	1.446840171	
53.6	1.008231699	1.459722555	
53.8	1.00758728	1.47255384	
54	1.005677353	1.485293341	
54.2	1.00326344	1.497925265	
54.4	1.000645723	1.51044364	
54.6	0.9979428278	1.522846364	
54.8	0.9952018961	1.535132871	
55	0.992441757	1.547303203	
55.2	0.9896699353	1.559357644	
55.4	0.9868894009	1.571296575	
55.6	0.9841012691	1.583120411	
55.8	0.9813058908	1.59482958	
56	0.9785032972	1.606424508	
56.2	0.9756933816	1.617905622	
56.4	0.9728759754	1.629273341	
56.6	0.9700508792	1.640528079	
56.8	0.9672178764	1.651670244	
57	0.9643767381	1.662700238	
57.2	0.9615272256	1.673618455	
57.4	0.9586690906	1.684425283	
57.6	0.9558020758	1.695121104	
57.8	0.9529259141	1.705706291	
58	0.9500403286	1.716181211	
58.2	0.9471450322	1.726546223	
58.4	0.9442397265	1.736801678	
58.6	0.9413241019	1.74694792	
58.8	0.9383978365	1.756985285	
59	0.9354605959	1.7669141	
59.2	0.9325120318	1.776734684	
59.4	0.929551782	1.786447347	
59.6	0.9265794689	1.796052392	
59.8	0.923594699	1.805550109	
60	0.9205970621	1.814940781	
60.2	0.9175861298	1.824224683	
60.4	0.9145614547	1.833402076	
60.6	0.9115225691	1.842473213	
60.8	0.9084689838	1.851438335	
61	0.9054001868	1.860297673	
61.2	0.9023156414	1.869051446	
61.4	0.8992147851	1.87769986	
61.6	0.8960970273	1.88624311	
61.8	0.8929617478	1.894681377	
62	0.8898082946	1.903014829	
62.2	0.8866359813	1.911243618	
62.4	0.8834440852	1.919367884	
62.6	0.880231844	1.927387749	
62.8	0.876998453	1.935303321	
63	0.8737430621	1.943114689	
63.2	0.8704647719	1.950821925	
63.4	0.8671626298	1.958425083	
63.6	0.8638356256	1.965924195	
63.8	0.8604826869	1.973319273	
64	0.8571026735	1.980610309	
64.2	0.8536943717	1.987797269	
64.4	0.8502564875	1.994880095	
64.6	0.8467876395	2.001858702	
64.8	0.8432863508	2.008732977	
65	0.8397510393	2.01550278	
65.2	0.8361800083	2.022167934	
65.4	0.8325714344	2.028728231	
65.6	0.8289233545	2.035183427	
65.8	0.8252336516	2.041533235	
66	0.8215000376	2.04777733	
66.2	0.8177200348	2.053915337	
66.4	0.8138909541	2.059946834	
66.6	0.8100098704	2.065871343	
66.8	0.8060735945	2.071688331	
67	0.8020786402	2.077397198	
67.2	0.7980211866	2.082997275	
67.4	0.7938970345	2.088487816	
67.6	0.7897015555	2.093867991	
67.8	0.7854296321	2.099136878	
68	0.7810755875	2.104293452	
68.2	0.7766331031	2.109336571	
68.4	0.77209512	2.114264969	
68.6	0.7674537219	2.119077234	
68.8	0.7626999941	2.123771797	
69	0.7578238542	2.128346903	
69.2	0.7528138459	2.132800595	
69.4	0.7476568876	2.137130681	
69.6	0.7423379625	2.141334698	
69.8	0.7368397353	2.145409875	
70	0.731142073	2.149353082	
70.2	0.7252214418	2.15316077	
70.4	0.7190501412	2.156828896	
70.6	0.7125953209	2.160352839	
70.8	0.7058177083	2.163727281	
71	0.6986699426	2.16694607	
71.2	0.6910943664	2.170002041	
71.4	0.6830200659	2.172886789	
71.6	0.6743588454	2.175590371	
71.8	0.6649996777	2.178100915	
72	0.6548009313	2.180404106	
72.2	0.6435793038	2.18248248	
72.4	0.6310937869	2.184314458	
72.6	0.6170220011	2.185872996	
72.8	0.6009246075	2.18712366	
73	0.5821907989	2.188021823	
73.2	0.5599534842	2.188508512	
73.4	0.5329560977	2.188504137	
73.6	0.4993449239	2.187898905	
73.8	0.4563605486	2.18653815	
74	0.3999531548	2.184200674	
74.2	0.3246133817	2.18057067	
74.4	0.2246434421	2.175217318	
74.6	0.09990091225	2.167638413	
74.8	-0.03327090722	2.157479345	
75	-0.1430042641	2.144895021	
75.2	-0.2101757358	2.130599285	
75.4	-0.2422158347	2.115410229	
75.6	-0.2546095961	2.099878509	
75.8	-0.2578674307	2.084282147	
76	-0.2571809522	2.068744379	
76.2	-0.2548275337	2.053317183	
76.4	-0.2517652102	2.0380221	
76.6	-0.24839263	2.022867965	
76.8	-0.2448758592	2.00785833	
77	-0.2412843723	1.992994545	
77.2	-0.2376472646	1.978277033	
77.4	-0.2339765776	1.963705835	
77.6	-0.2302770569	1.949280835	
77.8	-0.2265502762	1.935001859	
78	-0.2227963973	1.920868721	
78.2	-0.2190149295	1.906881236	
78.4	-0.2152050592	1.893039237	
78.6	-0.2113657929	1.879342574	
78.8	-0.207496019	1.86579112	
79	-0.2035945329	1.852384771	
79.2	-0.1996600447	1.83912345	
79.4	-0.1956911803	1.826007103	
79.6	-0.191686477	1.81303571	
79.8	-0.1876443778	1.800209276	
80	-0.1835632239	1.787527842	
80.2	-0.1794412459	1.774991481	
80.4	-0.1752765536	1.762600302	
80.6	-0.171067125	1.750354454	
80.8	-0.166810793	1.738254126	
81	-0.1625052318	1.72629955	
81.2	-0.15814794	1.714491006	
81.4	-0.1537362226	1.702828825	
81.6	-0.1492671703	1.691313391	
81.8	-0.1447376357	1.679945146	
82	-0.1401442067	1.668724598	
82.2	-0.135483175	1.657652321	
82.4	-0.1307505013	1.646728963	
82.6	-0.1259417743	1.635955254	
82.8	-0.1210521629	1.625332014	
83	-0.116076362	1.614860156	
83.2	-0.1110085277	1.604540704	
83.4	-0.1058422022	1.594374795	
83.6	-0.1005702252	1.584363701	
83.8	-0.09518462869	1.574508834	
84	-0.08967651221	1.564811769	
84.2	-0.08403589276	1.555274261	
84.4	-0.07825152473	1.545898268	
84.6	-0.07231068132	1.536685976	
84.8	-0.06619888789	1.527639832	
85	-0.0598995943	1.51876258	
85.2	-0.0533937692	1.510057302	
85.4	-0.04665939365	1.501527477	
85.6	-0.0396708234	1.493177038	
85.8	-0.03239797872	1.485010453	
86	-0.0248053045	1.477032822	
86.2	-0.01685042147	1.469249993	
86.4	-0.008482356759	1.461668714	
86.6	0.0003608062854	1.454296821	
86.8	0.009755090905	1.447143479	
87	0.01979494473	1.440219501	
87.2	0.03059922566	1.433537763	
87.4	0.04231963917	1.427113758	
87.6	0.05515284515	1.420966353	
87.8	0.06935816515	1.415118835	
88	0.08528400949	1.409600382	
88.2	0.1034081539	1.40444819	
88.4	0.124400417	1.399710585	
88.6	0.1492220521	1.395451716	
88.8	0.1792853664	1.391758758	
89	0.216709209	1.388753149	
89.2	0.2647097751	1.386608165	
89.4	0.3281003739	1.385575508	
89.6	0.4134874042	1.386020138	
89.8	0.5273260435	1.388442748	
90	0.6674290374	1.393406043	
90.2	0.8092374916	1.401218299	
90.4	0.915167928	1.411515568	
90.6	0.9729164766	1.423387495	
90.8	0.9977452849	1.435990397	
91	1.006435193	1.44884035	
91.2	1.008270912	1.461719302	
91.4	1.007346042	1.474538101	
91.6	1.005324739	1.48726158	
91.8	1.002866121	1.499876128	
92	1.000230004	1.512376631	
92.2	0.997519141	1.524761329	
92.4	0.9947744022	1.537029789	
92.6	0.9920121204	1.549182108	
92.8	0.9892388182	1.561218592	
93	0.9864570586	1.573139628	
93.2	0.9836677902	1.584945635	
93.4	0.9808712946	1.596637041	
93.6	0.9780675735	1.608214274	
93.8	0.9752565071	1.619677757	
94	0.9724379207	1.631027909	
94.2	0.9696116116	1.642265145	
94.4	0.9667773612	1.653389871	
94.6	0.9639349388	1.664402487	
94.8	0.9610841042	1.675303387	
95	0.9582246079	1.686092958	
95.2	0.9553561908	1.69677158	
95.4	0.9524785846	1.707339625	
95.6	0.9495915108	1.71779746	
95.8	0.9466946803	1.728145441	
96	0.9437877933	1.73838392	
96.2	0.9408705383	1.748513238	
96.4	0.9379425914	1.758533731	
96.6	0.9350036161	1.768445723	
96.8	0.9320532621	1.778249534	
97	0.9290911647	1.787945471	
97.2	0.9261169441	1.797533835	
97.4	0.9231302041	1.807014916	
97.6	0.9201305318	1.816388996	
97.8	0.9171174959	1.825656347	
98	0.914090646	1.834817228	
98.2	0.9110495111	1.843871892	
98.4	0.9079935985	1.852820577	
98.6	0.9049223925	1.861663514	
98.8	0.9018353526	1.870400918	
99	0.898731912	1.879032994	
99.2	0.8956114756	1.887559935	
99.4	0.8924734184	1.89598192	
99.6	0.8893170833	1.904299114	
99.8	0.8861417784	1.912511669	
100	0.8829467749	1.92061972	
100.2	0.8797313043	1.928623388	
100.4	0.8764945551	1.936522778	
100.6	0.8732356696	1.944317976	
100.8	0.8699537405	1.952009053	
101	0.8666478066	1.959596056	
101.2	0.8633168483	1.967079018	
101.4	0.8599597831	1.974457947	
101.6	0.8565754598	1.981732829	
101.8	0.8531626526	1.988903628	
102	0.8497200545	1.995970281	
102.2	0.8462462699	2.002932699	
102.4	0.842739806	2.009790767	
102.6	0.8391990638	2.016544336	
102.8	0.8356223276	2.023193227	
103	0.8320077533	2.029737226	
103.2	0.8283533548	2.036176081	
103.4	0.8246569898	2.042509501	
103.6	0.820916342	2.048737152	
103.8	0.8171289023	2.054858654	
104	0.8132919469	2.060873575	
104.2	0.8094025115	2.06678143	
104.4	0.805457363	2.072581674	
104.6	0.8014529659	2.078273698	
104.8	0.7973854436	2.083856821	
105	0.793250534	2.089330286	
105.2	0.7890435367	2.094693248	
105.4	0.7847592522	2.09994477	
105.6	0.7803919101	2.105083808	
105.8	0.7759350836	2.110109205	
106	0.7713815891	2.115019671	
106.2	0.7667233649	2.119813772	
106.4	0.7619513272	2.12448991	
106.6	0.7570551948	2.129046302	
106.8	0.7520232769	2.133480956	
107	0.7468422133	2.137791639	
107.2	0.7414966548	2.141975845	
107.4	0.7359688658	2.146030751	
107.6	0.7302382285	2.149953164	
107.8	0.7242806175	2.153739465	
108	0.7180676033	2.157385528	
108.2	0.7115654307	2.160886631	
108.4	0.7047336926	2.164237336	
108.6	0.6975235905	2.167431348	
108.8	0.689875626	2.170461324	
109	0.6817164984	2.173318644	
109.2	0.6729548782	2.175993092	
109.4	0.6634755653	2.178472456	
109.6	0.653131287	2.180741983	
109.8	0.6417309895	2.182783641	
110	0.6290228247	2.184575104	
110.2	0.6146689693	2.186088326	
110.4	0.5982076447	2.1872875	
110.6	0.5789947911	2.188126088	
110.8	0.5561131274	2.188542393	
111	0.5282292964	2.188452873	
111.2	0.4933719602	2.187741883	
111.4	0.448606967	2.186246049	
111.6	0.3896544206	2.183731415	
111.8	0.3108244318	2.179865019	
112	0.2067392852	2.174199114	
112.2	0.07906872831	2.166234208	
112.4	-0.05264872006	2.155671814	
112.6	-0.1562889012	2.142765722	
112.8	-0.2170462862	2.128282193	
113	-0.2450858813	2.11301197	
113.2	-0.2555340795	2.097457221	
113.4	-0.2579386287	2.081864384	
113.6	-0.2568906671	2.066341458	
113.8	-0.2543843659	2.050933814	
114	-0.2512560668	2.035660221	
114.2	-0.2478536673	2.020528363	
114.4	-0.2443221816	2.005541315	
114.6	-0.2407223103	1.990700223	
114.8	-0.2370794582	1.976005427	
115	-0.2334040953	1.961456935	
115.2	-0.2297002886	1.947054615	
115.4	-0.2259693129	1.932798292	
115.6	-0.222211194	1.918687776	
115.8	-0.2184253761	1.904722887	
116	-0.2146110109	1.890903459	
116.2	-0.2107670841	1.877229346	
116.4	-0.2068924684	1.863700424	
116.6	-0.2029859457	1.850316594	
116.8	-0.1990462134	1.83707778	
117	-0.1950718836	1.823983937	
117.2	-0.1910614795	1.811035045	
117.4	-0.187013429	1.798231118	
117.6	-0.1829260565	1.785572199	
117.8	-0.1787975748	1.773058368	
118	-0.1746260738	1.76068974	
118.2	-0.1704095098	1.748466468	
118.4	-0.1661456924	1.73638875	
118.6	-0.1618322692	1.724456824	
118.8	-0.1574667103	1.712670978	
119	-0.1530462888	1.701031551	
119.2	-0.14856806	1.689538936	
119.4	-0.1440288374	1.678193585	
119.6	-0.1394251649	1.666996015	
119.8	-0.1347532853	1.655946811	
120	-0.1300091045	1.645046634	
120.2	-0.1251881491	1.634296228	
120.4	-0.1202855185	1.623696426	
120.6	-0.1152958282	1.613248157	
120.8	-0.1102131443	1.602952463	
121	-0.1050309062	1.592810501	
121.2	-0.09974183545	1.582823563	
121.4	-0.09433782819	1.572993085	
121.6	-0.08880982631	1.56332067	
121.8	-0.08314766354	1.553808101	
122	-0.07733987973	1.544457371	
122.2	-0.07137349561	1.535270705	
122.4	-0.06523373756	1.526250592	
122.6	-0.05890369914	1.517399825	
122.8	-0.05236392131	1.508721546	
123	-0.04559186795	1.500219297	
123.2	-0.03856126445	1.491897092	
123.4	-0.03124125599	1.483759488	
123.6	-0.02359532566	1.475811693	
123.8	-0.01557988866	1.468059686	
124	-0.007142444692	1.460510367	
124.2	0.001780880907	1.453171763	
124.4	0.01126865336	1.446053272	
124.6	0.02141866615	1.439165996	
124.8	0.03235424744	1.432523177	
125	0.04423317317	1.426140776	
125.2	0.05726049349	1.420038269	
125.4	0.0717073502	1.414239747	
125.6	0.08793915131	1.408775476	
125.8	0.1064586519	1.403684139	
126	0.127973205	1.399016164	
126.2	0.1535016762	1.394838722	
126.4	0.1845462991	1.39124344	
126.6	0.2233668684	1.388358452	
126.8	0.2733940453	1.386367211	
127	0.3397277027	1.385536609	
127.2	0.4291802583	1.38625218	
127.4	0.5476564305	1.389033515	
127.6	0.6903029228	1.394431975	
127.8	0.8288039248	1.402673349	
128	0.9270858149	1.41328025	
128.2	0.9784266712	1.425312428	
128.4	0.9998340091	1.437976783	
128.6	1.007023096	1.450840995	
128.8	1.008247966	1.463714505	
129	1.007080152	1.476520028	
129.2	1.004962285	1.48922718	
129.4	1.002464799	1.501824236	
129.6	0.9998125922	1.514306829	
129.8	0.9970946809	1.526673492	
130	0.9943465028	1.538923909	
130.2	0.9915822253	1.551058222	
130.4	0.9888075	1.563076757	
130.6	0.9860245364	1.574979909	
130.8	0.9832341376	1.586768097	
131	0.9804365245	1.598441751	
131.2	0.9776316728	1.610001297	
131.4	0.9748194514	1.62144716	
131.6	0.9719996799	1.632779757	
131.8	0.9691721527	1.6439995	
132	0.9663366491	1.655106796	
132.2	0.9634929368	1.666102043	
132.4	0.9606407742	1.676985636	
132.6	0.9577799102	1.687757958	
132.8	0.9549100845	1.69841939	
133	0.952031027	1.708970303	
133.2	0.9491424578	1.719411061	
133.4	0.9462440861	1.729742021	
133.6	0.9433356103	1.739963531	
133.8	0.9404167171	1.750075934	
134	0.9374870806	1.760079562	
134.2	0.9345463622	1.76997474	
134.4	0.9315942094	1.779761784	
134.6	0.9286302553	1.789441002	
134.8	0.9256541176	1.799012693	
135	0.9226653976	1.808477145	
135.2	0.9196636795	1.817834639	
135.4	0.9166485291	1.827085444	
135.6	0.913619493	1.836229821	
135.8	0.9105760969	1.845268017	
136	0.9075178447	1.854200272	
136.2	0.9044442168	1.863026811	
136.4	0.9013546687	1.871747851	
136.6	0.8982486294	1.880363594	
136.8	0.8951254993	1.888874231	
137	0.8919846487	1.897279937	
137.2	0.8888254149	1.905580878	
137.4	0.8856471008	1.913777201	
137.6	0.8824489715	1.92186904	
137.8	0.8792302519	1.929856514	
138	0.8759901238	1.937739724	
138.2	0.8727277218	1.945518755	
138.4	0.8694421307	1.953193672	
138.6	0.8661323804	1.960764523	
138.8	0.862797442	1.968231335	
139	0.8594362226	1.975594113	
139.2	0.8560475598	1.98285284	
139.4	0.8526302158	1.990007476	
139.6	0.8491828702	1.997057955	
139.8	0.8457041129	2.004004182	
140	0.8421924353	2.010846038	
140.2	0.8386462211	2.01758337	
140.4	0.8350637353	2.024215992	
140.6	0.8314431127	2.030743686	
140.8	0.8277823441	2.037166194	
141	0.8240792611	2.043483218	
141.2	0.8203315191	2.049694416	
141.4	0.816536577	2.055799402	
141.6	0.8126916755	2.061797736	
141.8	0.8087938105	2.067688923	
142	0.8048397043	2.073472409	
142.2	0.8008257711	2.079147573	
142.4	0.7967480776	2.084713725	
142.6	0.7926022972	2.090170093	
142.8	0.7883836563	2.095515819	
143	0.784086872	2.100749951	
143.2	0.7797060777	2.105871427	
143.4	0.7752347363	2.11087907	
143.6	0.7706655362	2.115771569	
143.8	0.7659902674	2.120547467	
144	0.7611996725	2.125205137	
144.2	0.7562832663	2.129742767	
144.4	0.7512291174	2.134158329	
144.6	0.7460235796	2.13844955	
144.8	0.7406509611	2.142613878	
145	0.7350931147	2.146648435	
145.2	0.7293289227	2.150549967	
145.4	0.7233336485	2.154314782	
145.6	0.7170781098	2.157938668	
145.8	0.7105276146	2.1614168	
146	0.7036405794	2.164743617	
146.2	0.696366713	2.167912674	
146.4	0.6886446018	2.17091645	
146.6	0.6803984575	2.173746095	
146.8	0.6715336773	2.176391116	
147	0.6619306926	2.178838946	
147.2	0.6514363108	2.181074376	
147.4	0.6398513221	2.183078784	
147.6	0.6269124409	2.18482906	
147.8	0.6122654985	2.186296108	
148	0.595424895	2.187442679	
148.2	0.5757111636	2.188220217	
148.4	0.5521534451	2.188564146	
148.6	0.5233363021	2.188386722	
148.8	0.4871629121	2.187566084	
149	0.4405146051	2.185929592	
149.2	0.3788773535	2.183229823	
149.4	0.2964151519	2.179116158	
149.6	0.1882280758	2.173125169	
149.8	0.0581029126	2.164766201	
150	-0.07130653524	2.15380663	
150.2	-0.1684814748	2.140598445	
150.4	-0.2231241521	2.125946817	
150.6	-0.247545749	2.110607365	
150.8	-0.2562745055	2.095035272	
151	-0.2579313981	2.079448418	
151.2	-0.2565673097	2.063941363	
151.4	-0.2539270748	2.048553695	
151.6	-0.2507406769	2.033301765	
151.8	-0.247311743	2.018192255	
152	-0.2437669186	2.003227818	
152.2	-0.2401592392	1.988409427	
152.4	-0.2365108796	1.973737348	
152.6	-0.2328309324	1.959211557	
152.8	-0.2291228678	1.944831914	
153	-0.2253876965	1.930598238	
153.2	-0.2216253237	1.91651034	
153.4	-0.2178351349	1.902568043	
153.6	-0.2140162504	1.888771182	
153.8	-0.2101676358	1.875119616	
154	-0.206288149	1.861613224	
154.2	-0.2023765585	1.84825191	
154.4	-0.1984315484	1.835035604	
154.6	-0.1944517177	1.821964264	
154.8	-0.190435575	1.809037875	
155	-0.1863815328	1.796256454	
155.2	-0.1822878987	1.783620053	
155.4	-0.1781528672	1.771128754	
155.6	-0.1739745082	1.75878268	
155.8	-0.1697507563	1.74658199	
156	-0.1654793966	1.734526887	
156.2	-0.1611580506	1.722617619	
156.4	-0.1567841589	1.710854479	
156.6	-0.1523549624	1.699237816	
156.8	-0.1478674804	1.687768031	
157	-0.1433184865	1.676445585	
157.2	-0.13870448	1.665271007	
157.4	-0.134021654	1.654244892	
157.6	-0.1292658583	1.643367915	
157.8	-0.1244325567	1.632640832	
158	-0.1195167771	1.622064489	
158.2	-0.1145130545	1.611639835	
158.4	-0.1094153631	1.601367927	
158.6	-0.1042170372	1.591249943	
158.8	-0.09891067772	1.581287195	
159	-0.09348804169	1.571481145	
159.2	-0.08793990978	1.561833422	
159.4	-0.08225592794	1.552345841	
159.6	-0.07642441609	1.543020428	
159.8	-0.07043213589	1.533859447	
160	-0.06426400662	1.524865431	
160.2	-0.05790275544	1.516041226	
160.4	-0.05132848306	1.50739003	
160.6	-0.04451812034	1.498915455	
160.8	-0.03744474211	1.490621593	
161	-0.03007669258	1.482513096	
161.2	-0.02237645936	1.474595282	
161.4	-0.01429920794	1.466874261	
161.6	-0.005790851797	1.459357096	
161.8	0.003214520949	1.452052007	
162	0.01279812582	1.444968632	
162.2	0.02306125252	1.438118377	
162.4	0.03413191181	1.43151486	
162.6	0.04617425524	1.42517453	
162.8	0.05940217032	1.419117499	
163	0.07409928759	1.413368699	
163.2	0.09064903347	1.407959534	
163.4	0.1095807336	1.402930259	
163.6	0.1316418036	1.398333519	
163.8	0.1579127879	1.394239688	
164	0.1899923665	1.390745133	
164.2	0.230291267	1.387985132	
164.4	0.2824673939	1.386153992	
164.6	0.3519119826	1.385534682	
164.8	0.4455910354	1.386533863	
165	0.5686234514	1.389687944	
165.2	0.7131043161	1.395528018	
165.4	0.8473237451	1.404186443	
165.6	0.9378222652	1.415078822	
165.8	0.9832256407	1.427251802	
166	1.00159633	1.439967524	
166.2	1.007476076	1.45284166	
166.4	1.008171169	1.465707986	
166.6	1.0067929	1.478499551	
166.8	1.004591286	1.491190113	
167	1.002059986	1.503769581	
167.2	0.9993936907	1.516234231	
167.4	0.9966695287	1.528582852	
167.6	0.9939182303	1.54081523	
167.8	0.9911520844	1.552931546	
168	0.9883759858	1.564932142	
168.2	0.9855918361	1.576817419	
168.4	0.9828003116	1.588587799	
168.6	0.9800015801	1.600243711	
168.8	0.9771955946	1.611785582	
169	0.9743822138	1.623213834	
169.2	0.9715612523	1.634528884	
169.4	0.9687325016	1.645731145	
169.6	0.9658957391	1.65682102	
169.8	0.9630507311	1.667798909	
170	0.9601972344	1.678665203	
170.2	0.9573349965	1.689420287	
170.4	0.9544637556	1.700064538	
170.6	0.9515832402	1.710598326	
170.8	0.9486931686	1.721022016	
171	0.9457932484	1.731335962	
171.2	0.9428831763	1.741540513	
171.4	0.939962637	1.751636008	
171.6	0.9370313027	1.761622779	
171.8	0.9340888327	1.77150115	
172	0.9311348723	1.781271435	
172.2	0.9281690523	1.790933942	
172.4	0.9251909879	1.800488966	
172.6	0.9222002778	1.809936797	
172.8	0.9191965034	1.819277711	
173	0.9161792277	1.828511978	
173.2	0.913147994	1.837639855	
173.4	0.9101023248	1.846661589	
173.6	0.9070417203	1.855577418	
173.8	0.9039656573	1.864387566	
174	0.9008735873	1.873092247	
174.2	0.8977649349	1.881691661	
174.4	0.894639096	1.890185997	
174.6	0.8914954359	1.89857543	
174.8	0.8883332868	1.90686012	
175	0.8851519458	1.915040215	
175.2	0.8819506719	1.923115846	
175.4	0.8787286837	1.931087128	
175.6	0.8754851557	1.93895416	
175.8	0.8722192153	1.946717024	
176	0.8689299388	1.954375784	
176.2	0.8656163473	1.961930483	
176.4	0.8622774024	1.969381145	
176.6	0.8589120008	1.976727772	
176.8	0.8555189687	1.983970343	
177	0.852097056	1.991108815	
177.2	0.848644929	1.998143116	
177.4	0.8451611627	2.00507315	
177.6	0.8416442326	2.011898791	
177.8	0.8380925045	2.01861988	
178	0.8345042242	2.025236229	
178.2	0.8308775049	2.031747612	
178.4	0.8272103139	2.038153765	
178.6	0.8235004566	2.044454384	
178.8	0.8197455592	2.050649121	
179	0.8159430482	2.05673758	
179.2	0.8120901282	2.062719315	
179.4	0.8081837547	2.06859382	
179.6	0.8042206044	2.074360533	
179.8	0.8001970404	2.080018822	
180	0.7961090715	2.085567984	
180.2	0.7919523054	2.091007234	
180.4	0.7877218939	2.096335702	
180.6	0.7834124685	2.101552417	
180.8	0.7790180647	2.106656302	
181	0.7745320324	2.11164616	
181.2	0.7699469292	2.116520658	
181.4	0.7652543931	2.121278313	
181.6	0.7604449886	2.125917473	
181.8	0.7555080217	2.130436292	
182	0.7504313136	2.134832707	
182.2	0.7452009241	2.139104404	
182.4	0.7398008094	2.143248784	
182.6	0.7342123979	2.147262914	
182.8	0.7284140565	2.151143477	
183	0.7223804181	2.154886705	
183.2	0.7160815215	2.158488297	
183.4	0.709481705	2.161943324	
183.6	0.7025381654	2.165246098	
183.8	0.6951990611	2.168390021	
184	0.6874009854	2.171367382	
184.2	0.6790655563	2.174169101	
184.4	0.6700947513	2.176784394	
184.6	0.6603644268	2.179200324	
184.8	0.6497151753	2.181401211	
185	0.6379392018	2.183367814	
185.2	0.6247611463	2.185076207	
185.4	0.6098095336	2.186496189	
185.6	0.5925734625	2.187588996	
185.8	0.572335749	2.188303941	
186	0.5480683215	2.1885734	
186.2	0.5182680102	2.188305169	
186.4	0.4807042316	2.187370769	
186.6	0.4320640737	2.185587715	
186.8	0.3675981013	2.182694399	
187	0.2813707942	2.178322169	
187.2	0.1691457264	2.171993694	
187.4	0.0371268079	2.16323422	
187.6	-0.08913328212	2.151886234	
187.8	-0.1795983223	2.138396591	
188	-0.228475181	2.123595545	
188.2	-0.2496411761	2.108197618	
188.4	-0.2568533841	2.092613193	
188.6	-0.257855578	2.077034473	
188.8	-0.2562150109	2.061544187	
189	-0.2534573772	2.046176864	
189.2	-0.2502197552	2.030946749	
189.4	-0.2467671562	2.015859646	
189.6	-0.2432101955	2.000917842	
189.8	-0.2395952109	1.986122157	
190	-0.2359415498	1.971472794	
190.2	-0.2322570963	1.956969702	
190.4	-0.2285447957	1.942612731	
190.6	-0.2248054255	1.928401697	
190.8	-0.2210387835	1.914336414	
191	-0.2172442025	1.900416704	
191.2	-0.2134207737	1.886642407	
191.4	-0.2095674437	1.873013385	
191.6	-0.2056830561	1.859529521	
191.8	-0.2017663659	1.846190721	
192	-0.1978160445	1.832996922	
192.2	-0.1938306768	1.819948083	
192.4	-0.1898087573	1.807044197	
192.6	-0.1857486826	1.794285285	
192.8	-0.1816487435	1.781671403	
193	-0.1775071157	1.76920264	
193.2	-0.173321849	1.756879123	
193.4	-0.1690908557	1.74470102	
193.6	-0.1648118965	1.732668539	
193.8	-0.160482566	1.720781934	
194	-0.1561002751	1.70904151	
194.2	-0.1516622317	1.69744762	
194.4	-0.1471654189	1.686000675	
194.6	-0.1426065694	1.674701148	
194.8	-0.1379821373	1.663549576	
195	-0.1332882649	1.652546568	
195.2	-0.1285207451	1.641692808	
195.4	-0.1236749774	1.630989067	
195.6	-0.1187459174	1.620436208	
195.8	-0.1137280175	1.610035194	
196	-0.1086151582	1.5997871	
196.2	-0.1034005663	1.589693125	
196.4	-0.09807671971	1.579754603	
196.6	-0.09263523302	1.56997302	
196.8	-0.08706672193	1.560350033	
197	-0.08136063999	1.550887489	
197.2	-0.07550508163	1.541587447	
197.4	-0.06948654259	1.532452211	
197.6	-0.06328962669	1.523484362	
197.8	-0.05689668425	1.514686795	
198	-0.0502873627	1.50606277	
198.2	-0.04343804345	1.497615967	
198.4	-0.0363211298	1.48935056	
198.6	-0.02890413801	1.481271297	
198.8	-0.02114852518	1.47338361	
199	-0.01300816087	1.465693746	
199.2	-0.004427310857	1.458208932	
199.4	0.004662057056	1.45093759	
199.6	0.01434392253	1.443889607	
199.8	0.02472322998	1.437076698	
200	0.03593289709	1.430512878	
