0.1	0.8106422633	0.007050202533	
0.2	0.9916402219	0.016077476	
0.3	1.109596035	0.02658909806	
0.4	1.169909214	0.03794853007	
0.5	1.196238589	0.04969201491	
0.6	1.206531928	0.06157675195	
0.7	1.209968701	0.07349457976	
0.8	1.210587999	0.08540043511	
0.9	1.210066192	0.09727603782	
1	1.209084107	0.1091140696	
1.1	1.20791634	0.1209116429	
1.2	1.206673529	0.1326676549	
1.3	1.205400314	0.1443817224	
1.4	1.204114748	0.1560537526	
1.5	1.202824148	0.1676837701	
1.6	1.201531488	0.1792718468	
1.7	1.200237979	0.1908180742	
1.8	1.198944114	0.202322551	
1.9	1.197650092	0.2137853791	
2	1.196355993	0.2252066615	
2.1	1.195061847	0.2365865012	
2.2	1.193767663	0.2479250014	
2.3	1.192473443	0.2592222649	
2.4	1.191179185	0.2704783942	
2.5	1.189884885	0.2816934918	
2.6	1.188590539	0.2928676596	
2.7	1.187296142	0.3040009993	
2.8	1.18600169	0.3150936123	
2.9	1.184707178	0.3261455998	
3	1.1834126	0.3371570625	
3.1	1.182117953	0.348128101	
3.2	1.180823231	0.3590588155	
3.3	1.179528429	0.3699493059	
3.4	1.178233542	0.3807996717	
3.5	1.176938566	0.3916100125	
3.6	1.175643495	0.402380427	
3.7	1.174348323	0.4131110141	
3.8	1.173053047	0.4238018722	
3.9	1.171757661	0.4344530994	
4	1.170462159	0.4450647935	
4.1	1.169166536	0.4556370521	
4.2	1.167870788	0.4661699723	
4.3	1.166574908	0.4766636512	
4.4	1.165278892	0.4871181854	
4.5	1.163982733	0.4975336712	
4.6	1.162686427	0.5079102047	
4.7	1.161389968	0.5182478816	
4.8	1.16009335	0.5285467973	
4.9	1.158796569	0.5388070472	
5	1.157499617	0.549028726	
5.1	1.15620249	0.5592119284	
5.2	1.154905182	0.5693567485	
5.3	1.153607687	0.5794632805	
5.4	1.15231	0.589531618	
5.5	1.151012114	0.5995618544	
5.6	1.149714023	0.6095540829	
5.7	1.148415723	0.6195083963	
5.8	1.147117206	0.6294248871	
5.9	1.145818466	0.6393036475	
6	1.144519498	0.6491447696	
6.1	1.143220295	0.6589483451	
6.2	1.141920852	0.6687144651	
6.3	1.140621162	0.678443221	
6.4	1.139321218	0.6881347033	
6.5	1.138021015	0.6977890028	
6.6	1.136720545	0.7074062095	
6.7	1.135419803	0.7169864134	
6.8	1.134118783	0.7265297042	
6.9	1.132817476	0.7360361711	
7	1.131515877	0.7455059033	
7.1	1.13021398	0.7549389895	
7.2	1.128911777	0.7643355183	
7.3	1.127609261	0.7736955777	
7.4	1.126306426	0.7830192557	
7.5	1.125003265	0.7923066399	
7.6	1.123699771	0.8015578176	
7.7	1.122395937	0.810772876	
7.8	1.121091756	0.8199519017	
7.9	1.11978722	0.8290949811	
8	1.118482323	0.8382022006	
8.1	1.117177056	0.847273646	
8.2	1.115871414	0.8563094028	
8.3	1.114565387	0.8653095564	
8.4	1.11325897	0.8742741918	
8.5	1.111952153	0.8832033938	
8.6	1.110644931	0.8920972467	
8.7	1.109337294	0.9009558349	
8.8	1.108029235	0.9097792421	
8.9	1.106720747	0.9185675519	
9	1.105411821	0.9273208477	
9.1	1.10410245	0.9360392125	
9.2	1.102792624	0.9447227289	
9.3	1.101482337	0.9533714795	
9.4	1.10017158	0.9619855463	
9.5	1.098860345	0.9705650113	
9.6	1.097548622	0.979109956	
9.7	1.096236405	0.9876204617	
9.8	1.094923684	0.9960966094	
9.9	1.09361045	1.00453848	
10	1.092296695	1.012946153	
10.1	1.09098241	1.02131971	
10.2	1.089667586	1.02965923	
10.3	1.088352215	1.037964793	
10.4	1.087036286	1.046236478	
10.5	1.085719792	1.054474363	
10.6	1.084402722	1.062678529	
10.7	1.083085067	1.070849052	
10.8	1.081766818	1.078986011	
10.9	1.080447965	1.087089485	
11	1.079128499	1.09515955	
11.1	1.077808409	1.103196283	
11.2	1.076487687	1.111199763	
11.3	1.075166321	1.119170064	
11.4	1.073844303	1.127107265	
11.5	1.072521621	1.13501144	
11.6	1.071198265	1.142882666	
11.7	1.069874226	1.150721018	
11.8	1.068549491	1.158526571	
11.9	1.067224052	1.1662994	
12	1.065897897	1.17403958	
12.1	1.064571015	1.181747186	
12.2	1.063243395	1.18942229	
12.3	1.061915027	1.197064967	
12.4	1.060585898	1.204675291	
12.5	1.059255998	1.212253333	
12.6	1.057925314	1.219799169	
12.7	1.056593836	1.227312869	
12.8	1.055261552	1.234794506	
12.9	1.053928449	1.242244152	
13	1.052594516	1.249661878	
13.1	1.051259741	1.257047757	
13.2	1.04992411	1.264401858	
13.3	1.048587613	1.271724254	
13.4	1.047250235	1.279015013	
13.5	1.045911964	1.286274207	
13.6	1.044572788	1.293501905	
13.7	1.043232694	1.300698177	
13.8	1.041891667	1.307863092	
13.9	1.040549695	1.314996719	
14	1.039206764	1.322099126	
14.1	1.03786286	1.329170381	
14.2	1.03651797	1.336210554	
14.3	1.035172079	1.343219711	
14.4	1.033825173	1.35019792	
14.5	1.032477238	1.357145248	
14.6	1.031128259	1.364061761	
14.7	1.029778221	1.370947527	
14.8	1.028427109	1.37780261	
14.9	1.027074908	1.384627078	
15	1.025721603	1.391420995	
15.1	1.024367178	1.398184427	
15.2	1.023011618	1.404917439	
15.3	1.021654905	1.411620095	
15.4	1.020297025	1.418292458	
15.5	1.01893796	1.424934594	
15.6	1.017577694	1.431546566	
15.7	1.01621621	1.438128437	
15.8	1.014853491	1.44468027	
15.9	1.01348952	1.451202127	
16	1.012124279	1.457694071	
16.1	1.01075775	1.464156163	
16.2	1.009389915	1.470588466	
16.3	1.008020755	1.47699104	
16.4	1.006650253	1.483363946	
16.5	1.005278389	1.489707246	
16.6	1.003905144	1.496020998	
16.7	1.002530499	1.502305264	
16.8	1.001154434	1.508560102	
16.9	0.999776929	1.514785572	
17	0.9983979637	1.520981733	
17.1	0.9970175177	1.527148643	
17.2	0.99563557	1.53328636	
17.3	0.9942520994	1.539394942	
17.4	0.9928670845	1.545474446	
17.5	0.9914805033	1.551524931	
17.6	0.9900923338	1.557546451	
17.7	0.9887025534	1.563539064	
17.8	0.9873111392	1.569502826	
17.9	0.9859180681	1.575437792	
18	0.9845233165	1.581344017	
18.1	0.9831268603	1.587221557	
18.2	0.9817286754	1.593070465	
18.3	0.980328737	1.598890796	
18.4	0.9789270199	1.604682604	
18.5	0.9775234986	1.610445942	
18.6	0.9761181473	1.616180862	
18.7	0.9747109395	1.621887418	
18.8	0.9733018485	1.627565661	
18.9	0.9718908469	1.633215644	
19	0.9704779072	1.638837418	
19.1	0.9690630012	1.644431033	
19.2	0.9676461001	1.64999654	
19.3	0.966227175	1.655533989	
19.4	0.964806196	1.66104343	
19.5	0.9633831332	1.666524912	
19.6	0.9619579558	1.671978485	
19.7	0.9605306326	1.677404195	
19.8	0.9591011319	1.682802093	
19.9	0.9576694214	1.688172224	
20	0.956235468	1.693514636	
20.1	0.9547992383	1.698829376	
20.2	0.9533606983	1.704116489	
20.3	0.9519198131	1.709376023	
20.4	0.9504765475	1.714608021	
20.5	0.9490308652	1.719812529	
20.6	0.9475827297	1.724989591	
20.7	0.9461321035	1.73013925	
20.8	0.9446789485	1.735261551	
20.9	0.9432232259	1.740356536	
21	0.941764896	1.745424247	
21.1	0.9403039185	1.750464727	
21.2	0.9388402522	1.755478016	
21.3	0.9373738551	1.760464156	
21.4	0.9359046844	1.765423186	
21.5	0.9344326965	1.770355147	
21.6	0.9329578467	1.775260077	
21.7	0.9314800897	1.780138016	
21.8	0.9299993789	1.784989002	
21.9	0.9285156671	1.789813072	
22	0.9270289059	1.794610263	
22.1	0.9255390458	1.799380611	
22.2	0.9240460366	1.804124153	
22.3	0.9225498266	1.808840923	
22.4	0.9210503633	1.813530956	
22.5	0.9195475929	1.818194287	
22.6	0.9180414605	1.822830948	
22.7	0.9165319099	1.827440972	
22.8	0.9150188837	1.832024392	
22.9	0.9135023232	1.836581239	
23	0.9119821684	1.841111543	
23.1	0.9104583578	1.845615335	
23.2	0.9089308286	1.850092643	
23.3	0.9073995167	1.854543498	
23.4	0.905864356	1.858967926	
23.5	0.9043252793	1.863365954	
23.6	0.9027822176	1.86773761	
23.7	0.9012351003	1.872082919	
23.8	0.899683855	1.876401906	
23.9	0.8981284075	1.880694595	
24	0.8965686818	1.884961009	
24.1	0.8950046002	1.889201171	
24.2	0.8934360826	1.893415103	
24.3	0.8918630473	1.897602824	
24.4	0.8902854102	1.901764356	
24.5	0.8887030851	1.905899717	
24.6	0.8871159836	1.910008925	
24.7	0.8855240149	1.914091998	
24.8	0.8839270857	1.918148951	
24.9	0.8823251003	1.9221798	
25	0.8807179604	1.926184559	
25.1	0.8791055647	1.930163241	
25.2	0.8774878096	1.934115858	
25.3	0.875864588	1.938042422	
25.4	0.8742357902	1.941942941	
25.5	0.8726013031	1.945817426	
25.6	0.8709610105	1.949665883	
25.7	0.8693147926	1.953488319	
25.8	0.8676625262	1.957284739	
25.9	0.8660040843	1.961055147	
26	0.8643393361	1.964799545	
26.1	0.8626681469	1.968517936	
26.2	0.8609903776	1.972210319	
26.3	0.8593058849	1.975876692	
26.4	0.8576145209	1.979517052	
26.5	0.8559161331	1.983131395	
26.6	0.8542105639	1.986719715	
26.7	0.8524976506	1.990282005	
26.8	0.8507772251	1.993818255	
26.9	0.8490491138	1.997328455	
27	0.847313137	2.000812591	
27.1	0.8455691089	2.00427065	
27.2	0.8438168373	2.007702614	
27.3	0.8420561233	2.011108467	
27.4	0.8402867607	2.014488188	
27.5	0.8385085362	2.017841754	
27.6	0.8367212284	2.021169141	
27.7	0.8349246079	2.024470324	
27.8	0.8331184368	2.027745272	
27.9	0.8313024679	2.030993955	
28	0.8294764449	2.03421634	
28.1	0.8276401012	2.03741239	
28.2	0.8257931598	2.040582067	
28.3	0.8239353328	2.043725329	
28.4	0.8220663205	2.046842132	
28.5	0.8201858109	2.049932429	
28.6	0.8182934791	2.052996169	
28.7	0.8163889865	2.056033299	
28.8	0.81447198	2.059043763	
28.9	0.8125420911	2.0620275	
29	0.8105989353	2.064984446	
29.1	0.8086421108	2.067914533	
29.2	0.8066711977	2.070817691	
29.3	0.8046857566	2.073693843	
29.4	0.8026853279	2.076542909	
29.5	0.80066943	2.079364806	
29.6	0.7986375583	2.082159444	
29.7	0.7965891835	2.084926728	
29.8	0.7945237499	2.08766656	
29.9	0.792440674	2.090378834	
30	0.7903393424	2.093063441	
30.1	0.7882191097	2.095720264	
30.2	0.7860792964	2.09834918	
30.3	0.7839191864	2.10095006	
30.4	0.7817380244	2.103522767	
30.5	0.7795350133	2.106067158	
30.6	0.7773093106	2.10858308	
30.7	0.7750600255	2.111070374	
30.8	0.7727862147	2.113528871	
30.9	0.7704868789	2.115958393	
31	0.768160958	2.118358752	
31.1	0.7658073262	2.120729751	
31.2	0.7634247866	2.123071179	
31.3	0.7610120658	2.125382815	
31.4	0.7585678065	2.127664426	
31.5	0.7560905611	2.129915764	
31.6	0.7535787834	2.132136569	
31.7	0.7510308197	2.134326562	
31.8	0.7484448992	2.136485452	
31.9	0.7458191228	2.138612926	
32	0.7431514514	2.140708657	
32.1	0.7404396921	2.142772292	
32.2	0.7376814827	2.144803461	
32.3	0.7348742755	2.146801769	
32.4	0.7320153173	2.148766793	
32.5	0.7291016286	2.150698087	
32.6	0.726129979	2.152595171	
32.7	0.7230968597	2.154457535	
32.8	0.7199984527	2.156284632	
32.9	0.7168305949	2.158075879	
33	0.7135887383	2.159830648	
33.1	0.7102679038	2.161548268	
33.2	0.7068626282	2.163228015	
33.3	0.7033669035	2.164869112	
33.4	0.6997741075	2.166470717	
33.5	0.6960769222	2.168031926	
33.6	0.6922672407	2.169551756	
33.7	0.6883360576	2.171029143	
33.8	0.6842733415	2.172462929	
33.9	0.6800678858	2.173851856	
34	0.6757071331	2.175194549	
34.1	0.671176967	2.176489502	
34.2	0.6664614668	2.177735064	
34.3	0.6615426138	2.178929421	
34.4	0.6563999415	2.180070568	
34.5	0.6510101151	2.181156289	
34.6	0.6453464237	2.182184125	
34.7	0.639378166	2.183151333	
34.8	0.633069902	2.184054852	
34.9	0.6263805373	2.184891243	
35	0.6192621988	2.185656637	
35.1	0.6116588455	2.186346652	
35.2	0.6035045463	2.186956312	
35.3	0.5947213345	2.187479938	
35.4	0.5852165277	2.187911014	
35.5	0.574879366	2.188242026	
35.6	0.5635767943	2.188464267	
35.7	0.5511481687	2.188567591	
35.8	0.537398639	2.188540105	
35.9	0.5220909461	2.188367798	
36	0.5049354237	2.188034071	
36.1	0.4855781856	2.187519161	
36.2	0.4635879767	2.186799449	
36.3	0.438443268	2.185846622	
36.4	0.409523449	2.18462674	
36.5	0.3761122954	2.183099261	
36.6	0.337429437	2.181216224	
36.7	0.2927168971	2.178922002	
36.8	0.2414198942	2.176154348	
36.9	0.1835002546	2.172847889	
37	0.1198736316	2.168941411	
37.1	0.05282649235	2.164389589	
37.2	-0.01392475122	2.159177403	
37.3	-0.07589570096	2.153331708	
37.4	-0.1291450912	2.146922547	
37.5	-0.1714983409	2.140051057	
37.6	-0.2028893455	2.132829167	
37.7	-0.224779259	2.12536085	
37.8	-0.2392559782	2.117731389	
37.9	-0.2483526741	2.110004849	
38	-0.2537287504	2.102226557	
38.1	-0.2566101918	2.094427325	
38.2	-0.2578504611	2.086627583	
38.3	-0.2580226979	2.078840657	
38.4	-0.257503582	2.071075166	
38.5	-0.2565375864	2.063336647	
38.6	-0.2552822875	2.05562865	
38.7	-0.2538389139	2.047953445	
38.8	-0.2522724232	2.040312478	
38.9	-0.2506245086	2.03270667	
39	-0.2489219582	2.025136603	
39.1	-0.2471820068	2.01760264	
39.2	-0.2454157581	2.010105005	
39.3	-0.2436303725	2.002643832	
39.4	-0.2418304681	1.995219195	
39.5	-0.2400190195	1.987831134	
39.6	-0.2381979353	1.98047966	
39.7	-0.2363684305	1.973164773	
39.8	-0.2345312671	1.965886462	
39.9	-0.2326869099	1.958644709	
40	-0.230835628	1.951439492	
40.1	-0.2289775605	1.94427079	
40.2	-0.2271127598	1.937138579	
40.3	-0.2252412201	1.930042834	
40.4	-0.2233628955	1.922983532	
40.5	-0.2214777123	1.91596065	
40.6	-0.2195855773	1.908974166	
40.7	-0.2176863828	1.90202406	
40.8	-0.2157800099	1.895110311	
40.9	-0.2138663315	1.888232902	
41	-0.2119452129	1.881391814	
41.1	-0.2100165133	1.874587033	
41.2	-0.208080086	1.867818544	
41.3	-0.2061357792	1.861086334	
41.4	-0.2041834356	1.854390393	
41.5	-0.2022228929	1.84773071	
41.6	-0.2002539836	1.841107278	
41.7	-0.1982765347	1.834520092	
41.8	-0.196290368	1.827969146	
41.9	-0.1942952995	1.821454438	
42	-0.1922911395	1.814975967	
42.1	-0.1902776922	1.808533735	
42.2	-0.1882547556	1.802127745	
42.3	-0.1862221211	1.795758003	
42.4	-0.1841795733	1.789424515	
42.5	-0.1821268898	1.783127292	
42.6	-0.1800638404	1.776866345	
42.7	-0.1779901877	1.770641688	
42.8	-0.1759056856	1.764453338	
42.9	-0.1738100799	1.758301314	
43	-0.1717031073	1.752185637	
43.1	-0.1695844951	1.746106332	
43.2	-0.1674539611	1.740063424	
43.3	-0.1653112126	1.734056945	
43.4	-0.1631559461	1.728086926	
43.5	-0.1609878469	1.722153403	
43.6	-0.1588065884	1.716256415	
43.7	-0.1566118313	1.710396004	
43.8	-0.1544032232	1.704572214	
43.9	-0.1521803981	1.698785095	
44	-0.1499429751	1.693034698	
44.1	-0.1476905578	1.68732108	
44.2	-0.1454227339	1.681644302	
44.3	-0.1431390736	1.676004426	
44.4	-0.1408391291	1.670401521	
44.5	-0.1385224334	1.66483566	
44.6	-0.1361884992	1.65930692	
44.7	-0.1338368177	1.653815383	
44.8	-0.1314668571	1.648361136	
44.9	-0.1290780617	1.642944272	
45	-0.12666985	1.637564887	
45.1	-0.1242416133	1.632223085	
45.2	-0.1217927135	1.626918976	
45.3	-0.1193224821	1.621652675	
45.4	-0.1168302174	1.616424305	
45.5	-0.1143151826	1.611233993	
45.6	-0.1117766033	1.606081877	
45.7	-0.1092136651	1.600968101	
45.8	-0.1066255109	1.595892815	
45.9	-0.1040112372	1.590856181	
46	-0.1013698917	1.585858367	
46.1	-0.09870046895	1.580899552	
46.2	-0.09600190668	1.575979924	
46.3	-0.09327308153	1.571099682	
46.4	-0.09051280421	1.566259035	
46.5	-0.08771981431	1.561458206	
46.6	-0.08489277467	1.556697428	
46.7	-0.08203026501	1.551976948	
46.8	-0.07913077509	1.547297027	
46.9	-0.07619269704	1.542657941	
47	-0.07321431695	1.538059983	
47.1	-0.07019380547	1.533503461	
47.2	-0.06712920749	1.528988701	
47.3	-0.06401843059	1.524516052	
47.4	-0.06085923221	1.520085878	
47.5	-0.05764920527	1.515698571	
47.6	-0.05438576217	1.511354543	
47.7	-0.05106611684	1.507054234	
47.8	-0.04768726445	1.50279811	
47.9	-0.0442459588	1.498586668	
48	-0.04073868655	1.494420439	
48.1	-0.03716163821	1.490299987	
48.2	-0.03351067526	1.486225914	
48.3	-0.02978129257	1.482198865	
48.4	-0.02596857579	1.478219531	
48.5	-0.02206715237	1.474288651	
48.6	-0.01807113559	1.470407019	
48.7	-0.01397405998	1.466575488	
48.8	-0.009768806943	1.462794978	
48.9	-0.005447518439	1.45906648	
49	-0.001001496854	1.455391067	
49.1	0.003578911875	1.451769898	
49.2	0.008304455023	1.448204233	
49.3	0.01318713378	1.444695442	
49.4	0.0182403928	1.441245018	
49.5	0.02347934475	1.437854593	
49.6	0.02892103744	1.434525956	
49.7	0.03458477296	1.431261071	
49.8	0.0404924908	1.428062104	
49.9	0.04666922994	1.424931449	
50	0.05314368888	1.421871764	
50.1	0.05994890782	1.418886004	
50.2	0.06712310398	1.415977477	
50.3	0.0747106997	1.413149889	
50.4	0.08276359465	1.41040742	
50.5	0.09134274837	1.407754802	
50.6	0.100520159	1.405197414	
50.7	0.1103813495	1.40274141	
50.8	0.1210285059	1.400393861	
50.9	0.1325844525	1.39816294	
51	0.1451977001	1.39605815	
51.1	0.1590488598	1.39409061	
51.2	0.1743587722	1.392273405	
51.3	0.1913987317	1.390622037	
51.4	0.2105031441	1.389154985	
51.5	0.2320847231	1.387894395	
51.6	0.2566516681	1.386866946	
51.7	0.2848247054	1.386104871	
51.8	0.3173485166	1.38564714	
51.9	0.3550854535	1.385540669	
52	0.3989675846	1.385841283	
52.1	0.4498653164	1.386613831	
52.2	0.5083136266	1.387930322	
52.3	0.5740482519	1.389864399	
52.4	0.6454064997	1.392480391	
52.5	0.7188947746	1.395816858	
52.6	0.7894775949	1.399868986	
52.7	0.8519242291	1.40457924	
52.8	0.9026242735	1.40984473	
52.9	0.9406054855	1.415539671	
53	0.9671594092	1.421540945	
53.1	0.9846936973	1.427745214	
53.2	0.9957123537	1.434074588	
53.3	1.002291994	1.440474502	
53.4	1.005958252	1.446908517	
53.5	1.007755805	1.453353025	
53.6	1.008370777	1.45979302	
53.7	1.00824285	1.466219069	
53.8	1.007649802	1.472625285	
53.9	1.006765757	1.479008012	
54	1.005699437	1.485364989	
54.1	1.004518626	1.491694826	
54.2	1.003265584	1.497996675	
54.3	1.001966683	1.504270029	
54.4	1.000638401	1.510514587	
54.5	0.9992910515	1.516730186	
54.6	0.9979311014	1.522916741	
54.7	0.9965626116	1.529074221	
54.8	0.995188135	1.535202627	
54.9	0.9938092779	1.541301981	
55	0.99242705	1.547372316	
55.1	0.9910420847	1.553413676	
55.2	0.9896547771	1.559426106	
55.3	0.9882653711	1.565409658	
55.4	0.9868740145	1.571364383	
55.5	0.9854807934	1.577290335	
55.6	0.9840857546	1.583187566	
55.7	0.9826889195	1.58905613	
55.8	0.9812902929	1.594896082	
55.9	0.9798898691	1.600707474	
56	0.9784876353	1.60649036	
56.1	0.9770835739	1.612244793	
56.2	0.975677664	1.617970825	
56.3	0.9742698827	1.62366851	
56.4	0.9728602052	1.629337898	
56.5	0.9714486057	1.634979042	
56.6	0.9700350572	1.640591992	
56.7	0.9686195322	1.6461768	
56.8	0.9672020023	1.651733516	
56.9	0.9657824384	1.65726219	
57	0.9643608111	1.662762871	
57.1	0.96293709	1.668235608	
57.2	0.9615112444	1.673680451	
57.3	0.9600832431	1.679097447	
57.4	0.9586530541	1.684486645	
57.5	0.9572206449	1.689848091	
57.6	0.9557859824	1.695181833	
57.7	0.9543490331	1.700487917	
57.8	0.9529097625	1.70576639	
57.9	0.9514681358	1.711017296	
58	0.9500241173	1.716240681	
58.1	0.9485776709	1.72143659	
58.2	0.9471287595	1.726605067	
58.3	0.9456773456	1.731746155	
58.4	0.9442233909	1.736859898	
58.5	0.9427668561	1.741946338	
58.6	0.9413077015	1.747005517	
58.7	0.9398458865	1.752037478	
58.8	0.9383813697	1.757042262	
58.9	0.9369141087	1.762019908	
59	0.9354440606	1.766970458	
59.1	0.9339711814	1.77189395	
59.2	0.9324954262	1.776790425	
59.3	0.9310167493	1.78165992	
59.4	0.9295351039	1.786502473	
59.5	0.9280504425	1.791318122	
59.6	0.9265627162	1.796106904	
59.7	0.9250718756	1.800868854	
59.8	0.9235778696	1.805604009	
59.9	0.9220806467	1.810312403	
60	0.9205801536	1.814994072	
60.1	0.9190763364	1.819649048	
60.2	0.9175691398	1.824277364	
60.3	0.9160585071	1.828879055	
60.4	0.9145443805	1.83345415	
60.5	0.913026701	1.838002682	
60.6	0.9115054081	1.842524681	
60.7	0.90998044	1.847020177	
60.8	0.9084517333	1.851489199	
60.9	0.9069192233	1.855931775	
61	0.9053828437	1.860347934	
61.1	0.9038425267	1.864737702	
61.2	0.9022982027	1.869101105	
61.3	0.9007498007	1.873438169	
61.4	0.8991972475	1.877748918	
61.5	0.8976404687	1.882033377	
61.6	0.8960793875	1.886291568	
61.7	0.8945139255	1.890523515	
61.8	0.8929440022	1.894729237	
61.9	0.891369535	1.898908755	
62	0.8897904394	1.90306209	
62.1	0.8882066282	1.90718926	
62.2	0.8866180125	1.911290282	
62.3	0.8850245007	1.915365174	
62.4	0.8834259986	1.919413952	
62.5	0.8818224099	1.92343663	
62.6	0.8802136352	1.927433222	
62.7	0.8785995726	1.931403741	
62.8	0.8769801173	1.935348198	
62.9	0.8753551616	1.939266606	
63	0.8737245946	1.943158972	
63.1	0.8720883023	1.947025305	
63.2	0.8704461673	1.950865614	
63.3	0.8687980689	1.954679903	
63.4	0.8671438825	1.958468177	
63.5	0.8654834802	1.962230441	
63.6	0.8638167298	1.965966695	
63.7	0.8621434952	1.969676942	
63.8	0.8604636362	1.97336118	
63.9	0.858777008	1.977019408	
64	0.8570834613	1.980651622	
64.1	0.8553828419	1.984257818	
64.2	0.8536749908	1.987837988	
64.3	0.8519597435	1.991392125	
64.4	0.8502369303	1.994920219	
64.5	0.8485063756	1.998422258	
64.6	0.8467678979	2.00189823	
64.7	0.8450213095	2.00534812	
64.8	0.843266416	2.00877191	
64.9	0.8415030164	2.012169582	
65	0.8397309021	2.015541116	
65.1	0.8379498575	2.018886487	
65.2	0.8361596587	2.022205672	
65.3	0.8343600736	2.025498643	
65.4	0.8325508615	2.02876537	
65.5	0.8307317724	2.032005822	
65.6	0.8289025467	2.035219965	
65.7	0.8270629148	2.038407761	
65.8	0.8252125963	2.041569171	
65.9	0.8233512996	2.044704152	
66	0.8214787213	2.047812661	
66.1	0.8195945453	2.050894647	
66.2	0.8176984426	2.053950061	
66.3	0.8157900701	2.056978847	
66.4	0.8138690701	2.059980948	
66.5	0.811935069	2.062956303	
66.6	0.8099876772	2.065904846	
66.7	0.8080264871	2.068826509	
66.8	0.8060510729	2.071721218	
66.9	0.8040609892	2.074588898	
67	0.8020557694	2.077429466	
67.1	0.800034925	2.080242837	
67.2	0.7979979437	2.083028919	
67.3	0.7959442882	2.085787618	
67.4	0.7938733944	2.088518833	
67.5	0.7917846695	2.091222456	
67.6	0.7896774903	2.093898375	
67.7	0.787551201	2.096546473	
67.8	0.7854051108	2.099166625	
67.9	0.7832384919	2.101758698	
68	0.781050576	2.104322554	
68.1	0.7788405522	2.106858046	
68.2	0.7766075633	2.109365022	
68.3	0.7743507023	2.111843317	
68.4	0.7720690091	2.114292761	
68.5	0.7697614656	2.116713172	
68.6	0.7674269918	2.119104359	
68.7	0.7650644401	2.121466121	
68.8	0.7626725906	2.123798244	
68.9	0.760250144	2.126100504	
69	0.7577957158	2.128372663	
69.1	0.7553078284	2.130614469	
69.2	0.7527849028	2.132825656	
69.3	0.7502252498	2.135005942	
69.4	0.7476270596	2.137155029	
69.5	0.7449883908	2.1392726	
69.6	0.7423071574	2.141358319	
69.7	0.7395811154	2.143411829	
69.8	0.7368078464	2.145432752	
69.9	0.7339847405	2.147420684	
70	0.7311089761	2.149375195	
70.1	0.7281774978	2.15129583	
70.2	0.7251869912	2.153182098	
70.3	0.7221338542	2.155033479	
70.4	0.7190141648	2.156849416	
70.5	0.7158236439	2.15862931	
70.6	0.7125576139	2.160372521	
70.7	0.7092109499	2.162078362	
70.8	0.7057780251	2.163746093	
70.9	0.7022526473	2.165374916	
71	0.6986279856	2.166963973	
71.1	0.6948964859	2.168512334	
71.2	0.6910497721	2.170018992	
71.3	0.6870785325	2.171482855	
71.4	0.6829723848	2.172902736	
71.5	0.6787197198	2.174277339	
71.6	0.6743075158	2.175605251	
71.7	0.66972112	2.176884923	
71.8	0.6649439886	2.178114654	
71.9	0.6599573772	2.179292574	
72	0.6547399701	2.180416615	
72.1	0.6492674343	2.181484487	
72.2	0.6435118814	2.182493647	
72.3	0.6374412138	2.183441258	
72.4	0.6310183283	2.184324146	
72.5	0.62420014	2.185138744	
72.6	0.6169363816	2.185881031	
72.7	0.6091681185	2.18654645	
72.8	0.600825904	2.187129818	
72.9	0.5918274809	2.187625208	
73	0.5820749038	2.18802581	
73.1	0.5714509311	2.188323761	
73.2	0.5598144951	2.188509932	
73.3	0.546995022	2.188573665	
73.4	0.5327853452	2.18850245	
73.5	0.5169329585	2.188281518	
73.6	0.4991294355	2.187893348	
73.7	0.4789981121	2.187317051	
73.8	0.4560807656	2.186527633	
73.9	0.4298254271	2.185495124	
74	0.3995802564	2.184183619	
74.1	0.3646036249	2.182550325	
74.2	0.3241092989	2.180544863	
74.3	0.2773778509	2.178109334	
74.4	0.2239757427	2.175179981	
74.5	0.1641127915	2.171691744	
74.6	0.09909758218	2.167586925	
74.7	0.03168648802	2.162828129	
74.8	-0.03405385895	2.15741255	
74.9	-0.09365294132	2.151381065	
75	-0.1436216176	2.14481532	
75.1	-0.18246	2.137822134	
75.2	-0.2106719426	2.13051265	
75.3	-0.2300085054	2.122985712	
75.4	-0.2425961852	2.11531992	
75.5	-0.2503701994	2.107573072	
75.6	-0.2548525625	2.099785473	
75.7	-0.2571433538	2.091984276	
75.8	-0.2579982952	2.084187375	
75.9	-0.2579208484	2.076406406	
76	-0.2572403439	2.068648876	
76.1	-0.2561699583	2.060919604	
76.2	-0.2548469097	2.053221678	
76.3	-0.2533593008	2.045557068	
76.4	-0.2517636643	2.03792703	
76.5	-0.2500962953	2.030332364	
76.6	-0.2483805228	2.022773571	
76.7	-0.2466313632	2.015250964	
76.8	-0.2448584939	2.007764736	
76.9	-0.243068157	2.000314997	
77	-0.2412643772	1.992901811	
77.1	-0.2394497447	1.985525205	
77.2	-0.2376259183	1.978185189	
77.3	-0.2357939499	1.970881757	
77.4	-0.2339544947	1.963614895	
77.5	-0.2321079474	1.956384585	
77.6	-0.2302545305	1.949190805	
77.7	-0.2283943521	1.942033532	
77.8	-0.2265274441	1.934912742	
77.9	-0.2246537863	1.927828411	
78	-0.222773323	1.920780516	
78.1	-0.2208859737	1.913769034	
78.2	-0.2189916403	1.906793944	
78.3	-0.2170902112	1.899855224	
78.4	-0.2151815648	1.892952856	
78.5	-0.2132655714	1.886086822	
78.6	-0.2113420943	1.879257105	
78.7	-0.2094109909	1.872463689	
78.8	-0.2074721129	1.865706562	
78.9	-0.2055253067	1.85898571	
79	-0.2035704134	1.852301123	
79.1	-0.2016072691	1.845652793	
79.2	-0.1996357046	1.839040711	
79.3	-0.1976555453	1.832464873	
79.4	-0.1956666111	1.825925275	
79.5	-0.1936687165	1.819421914	
79.6	-0.1916616696	1.812954791	
79.7	-0.189645273	1.806523907	
79.8	-0.1876193224	1.800129267	
79.9	-0.1855836072	1.793770876	
80	-0.1835379098	1.787448743	
80.1	-0.1814820055	1.781162877	
80.2	-0.1794156618	1.774913292	
80.3	-0.1773386386	1.768700003	
80.4	-0.1752506874	1.762523025	
80.5	-0.173151551	1.75638238	
80.6	-0.1710409634	1.75027809	
80.7	-0.168918649	1.744210179	
80.8	-0.1667843222	1.738178675	
80.9	-0.1646376871	1.732183609	
81	-0.1624784366	1.726225014	
81.1	-0.1603062525	1.720302928	
81.2	-0.1581208042	1.714417388	
81.3	-0.1559217484	1.708568439	
81.4	-0.1537087286	1.702756126	
81.5	-0.151481374	1.6969805	
81.6	-0.1492392991	1.691241614	
81.7	-0.1469821027	1.685539526	
81.8	-0.1447093669	1.679874295	
81.9	-0.1424206565	1.674245989	
82	-0.1401155178	1.668654676	
82.1	-0.1377934776	1.66310043	
82.2	-0.1354540419	1.657583331	
82.3	-0.1330966948	1.652103461	
82.4	-0.1307208974	1.64666091	
82.5	-0.1283260859	1.64125577	
82.6	-0.1259116705	1.635888143	
82.7	-0.1234770334	1.630558132	
82.8	-0.1210215275	1.625265849	
82.9	-0.1185444738	1.620011412	
83	-0.1160451599	1.614794945	
83.1	-0.1135228376	1.609616579	
83.2	-0.1109767203	1.604476452	
83.3	-0.1084059804	1.599374712	
83.4	-0.1058097467	1.594311511	
83.5	-0.1031871008	1.589287015	
83.6	-0.1005370741	1.584301393	
83.7	-0.09785864376	1.579354828	
83.8	-0.09515072898	1.574447511	
83.9	-0.09241218624	1.569579645	
84	-0.08964180454	1.564751442	
84.1	-0.08683830011	1.559963128	
84.2	-0.08400031044	1.555214941	
84.3	-0.08112638787	1.550507133	
84.4	-0.07821499244	1.545839969	
84.5	-0.07526448402	1.541213729	
84.6	-0.07227311361	1.536628712	
84.7	-0.06923901364	1.532085231	
84.8	-0.06616018731	1.527583619	
84.9	-0.06303449663	1.52312423	
85	-0.05985964914	1.518707436	
85.1	-0.05663318304	1.514333635	
85.2	-0.05335245063	1.510003249	
85.3	-0.0500145996	1.505716724	
85.4	-0.04661655214	1.501474537	
85.5	-0.04315498128	1.497277194	
85.6	-0.03962628426	1.493125237	
85.7	-0.03602655231	1.48901924	
85.8	-0.03235153635	1.484959821	
85.9	-0.02859660798	1.480947637	
86	-0.02475671495	1.476983394	
86.1	-0.02082633011	1.473067847	
86.2	-0.01679939289	1.469201808	
86.3	-0.01266924181	1.465386152	
86.4	-0.008428536615	1.461621818	
86.5	-0.004069167873	1.457909823	
86.6	0.0004178480951	1.454251266	
86.7	0.005042491928	1.450647337	
86.8	0.009815885009	1.447099328	
86.9	0.01475045863	1.443608647	
87	0.01986015376	1.440176829	
87.1	0.02516065808	1.436805551	
87.2	0.0306696882	1.433496657	
87.3	0.03640732748	1.43025217	
87.4	0.04239643209	1.427074325	
87.5	0.04866312149	1.423965594	
87.6	0.05523737381	1.420928724	
87.7	0.06215375234	1.417966775	
87.8	0.06945229641	1.415083173	
87.9	0.07717961984	1.412281765	
88	0.08539027229	1.409566894	
88.1	0.09414843566	1.406943483	
88.2	0.1035300483	1.404417141	
88.3	0.1136254782	1.40199429	
88.4	0.1245429011	1.399682324	
88.5	0.1364125838	1.397489807	
88.6	0.1493923255	1.395426714	
88.7	0.1636743696	1.393504737	
88.8	0.179494147	1.391737667	
88.9	0.1971412319	1.39014187	
89	0.2169728031	1.388736892	
89.1	0.23942957	1.387546198	
89.2	0.2650532472	1.386598087	
89.3	0.2945026564	1.385926771	
89.4	0.3285613465	1.385573581	
89.5	0.3681215674	1.385588144	
89.6	0.4141156376	1.386029163	
89.7	0.4673467781	1.386964063	
89.8	0.5281586895	1.388466186	
89.9	0.5959147475	1.390607722	
90	0.6684036152	1.393446895	
90.1	0.741568515	1.397010405	
90.2	0.810123822	1.401277254	
90.3	0.8691634376	1.406174048	
90.4	0.9158599888	1.411587878	
90.5	0.950046931	1.417391281	
90.6	0.9734970957	1.423466054	
90.7	0.988736114	1.429716688	
90.8	0.9981674875	1.436073054	
90.9	1.003695695	1.442486863	
91	1.006683805	1.448926225	
91.1	1.008050856	1.455370622	
91.2	1.008394953	1.461807065	
91.3	1.008097333	1.468227411	
91.4	1.007398127	1.474626585	
91.5	1.006447626	1.481001443	
91.6	1.005339609	1.48735004	
91.7	1.004132534	1.493671185	
91.8	1.002862856	1.499964155	
91.9	1.001553331	1.506228516	
92	1.000218186	1.51246402	
92.1	0.9988663316	1.51867053	
92.2	0.9975033558	1.524847982	
92.3	0.9961327701	1.530996357	
92.4	0.9947567827	1.537115663	
92.5	0.9933767827	1.543205925	
92.6	0.9919936429	1.549267183	
92.7	0.9906079101	1.555299478	
92.8	0.9892199246	1.561302861	
92.9	0.9878298954	1.56727738	
93	0.9864379479	1.57322309	
93.1	0.985044154	1.579140042	
93.2	0.9836485513	1.585028291	
93.3	0.9822511553	1.59088789	
93.4	0.9808519669	1.596718893	
93.5	0.979450978	1.602521353	
93.6	0.978048174	1.608295324	
93.7	0.9766435361	1.614040858	
93.8	0.9752370428	1.619758008	
93.9	0.9738286704	1.625446826	
94	0.9724183939	1.631107365	
94.1	0.971006187	1.636739675	
94.2	0.9695920227	1.642343807	
94.3	0.9681758729	1.647919813	
94.4	0.9667577093	1.653467743	
94.5	0.9653375025	1.658987646	
94.6	0.9639152228	1.664479571	
94.7	0.9624908398	1.669943569	
94.8	0.9610643226	1.675379687	
94.9	0.9596356396	1.680787973	
95	0.9582047589	1.686168476	
95.1	0.9567716478	1.691521242	
95.2	0.9553362729	1.696846318	
95.3	0.9538986004	1.702143752	
95.4	0.9524585958	1.707413587	
95.5	0.951016224	1.712655871	
95.6	0.9495714492	1.717870648	
95.7	0.9481242349	1.723057962	
95.8	0.946674544	1.728217857	
95.9	0.9452223386	1.733350378	
96	0.9437675802	1.738455567	
96.1	0.9423102294	1.743533466	
96.2	0.9408502462	1.748584118	
96.3	0.9393875896	1.753607565	
96.4	0.9379222181	1.758603846	
96.5	0.9364540891	1.763573004	
96.6	0.9349831592	1.768515077	
96.7	0.9335093843	1.773430105	
96.8	0.9320327192	1.778318127	
96.9	0.9305531178	1.783179181	
97	0.9290705332	1.788013306	
97.1	0.9275849173	1.792820538	
97.2	0.9260962212	1.797600914	
97.3	0.9246043949	1.80235447	
97.4	0.9231093873	1.807081242	
97.5	0.9216111461	1.811781264	
97.6	0.920109618	1.81645457	
97.7	0.9186047486	1.821101194	
97.8	0.9170964821	1.82572117	
97.9	0.9155847617	1.830314529	
98	0.914069529	1.834881303	
98.1	0.9125507246	1.839421524	
98.2	0.9110282876	1.843935221	
98.3	0.9095021556	1.848422423	
98.4	0.907972265	1.852883161	
98.5	0.9064385506	1.857317462	
98.6	0.9049009454	1.861725354	
98.7	0.9033593812	1.866106864	
98.8	0.901813788	1.870462016	
98.9	0.900264094	1.874790838	
99	0.8987102258	1.879093352	
99.1	0.8971521081	1.883369584	
99.2	0.8955896636	1.887619554	
99.3	0.8940228134	1.891843287	
99.4	0.8924514762	1.896040801	
99.5	0.8908755689	1.900212119	
99.6	0.8892950061	1.904357259	
99.7	0.8877097003	1.908476239	
99.8	0.8861195613	1.912569077	
99.9	0.8845244971	1.91663579	
100	0.8829244128	1.920676394	
100.1	0.8813192109	1.924690902	
100.2	0.8797087915	1.928679328	
100.3	0.8780930517	1.932641685	
100.4	0.8764718858	1.936577984	
100.5	0.8748451851	1.940488236	
100.6	0.8732128377	1.94437245	
100.7	0.8715747286	1.948230633	
100.8	0.8699307394	1.952062794	
100.9	0.8682807482	1.955868936	
101	0.8666246294	1.959649065	
101.1	0.8649622536	1.963403184	
101.2	0.8632934877	1.967131295	
101.3	0.8616181941	1.970833398	
101.4	0.8599362312	1.974509492	
101.5	0.8582474528	1.978159574	
101.6	0.8565517082	1.981783642	
101.7	0.8548488417	1.985381688	
101.8	0.8531386925	1.988953708	
101.9	0.8514210946	1.992499691	
102	0.8496958765	1.996019627	
102.1	0.8479628606	1.999513506	
102.2	0.8462218637	2.002981312	
102.3	0.8444726959	2.006423031	
102.4	0.8427151608	2.009838645	
102.5	0.8409490551	2.013228135	
102.6	0.839174168	2.016591478	
102.7	0.8373902813	2.019928653	
102.8	0.8355971687	2.023239632	
102.9	0.8337945954	2.026524388	
103	0.8319823178	2.029782892	
103.1	0.830160083	2.033015109	
103.2	0.8283276283	2.036221006	
103.3	0.8264846807	2.039400544	
103.4	0.8246309565	2.042553683	
103.5	0.8227661603	2.04568038	
103.6	0.8208899849	2.048780589	
103.7	0.8190021103	2.05185426	
103.8	0.8171022031	2.054901342	
103.9	0.8151899157	2.057921778	
104	0.8132648855	2.060915511	
104.1	0.8113267341	2.063882477	
104.2	0.8093750662	2.066822611	
104.3	0.8074094688	2.069735842	
104.4	0.80542951	2.072622096	
104.5	0.8034347378	2.075481295	
104.6	0.8014246791	2.078313356	
104.7	0.7993988379	2.081118192	
104.8	0.7973566944	2.08389571	
104.9	0.7952977029	2.086645814	
105	0.7932212907	2.0893684	
105.1	0.7911268557	2.092063361	
105.2	0.7890137646	2.094730582	
105.3	0.7868813509	2.097369942	
105.4	0.7847289127	2.099981316	
105.5	0.7825557095	2.102564568	
105.6	0.7803609603	2.105119559	
105.7	0.7781438397	2.107646139	
105.8	0.7759034756	2.110144151	
105.9	0.7736389447	2.112613431	
106	0.7713492692	2.115053804	
106.1	0.7690334122	2.117465085	
106.2	0.7666902729	2.11984708	
106.3	0.7643186819	2.122199584	
106.4	0.761917395	2.124522382	
106.5	0.7594850871	2.126815242	
106.6	0.7570203452	2.129077924	
106.7	0.7545216609	2.131310172	
106.8	0.7519874218	2.133511714	
106.9	0.7494159021	2.135682263	
107	0.746805252	2.137821516	
107.1	0.7441534863	2.13992915	
107.2	0.7414584711	2.142004823	
107.3	0.7387179094	2.144048171	
107.4	0.735929325	2.146058807	
107.5	0.7330900439	2.148036322	
107.6	0.7301971739	2.149980276	
107.7	0.7272475812	2.151890203	
107.8	0.7242378647	2.153765605	
107.9	0.7211643257	2.155605949	
108	0.7180229346	2.157410666	
108.1	0.7148092924	2.159179144	
108.2	0.7115185867	2.16091073	
108.3	0.708145542	2.162604719	
108.4	0.7046843615	2.164260355	
108.5	0.7011286614	2.165876822	
108.6	0.6974713941	2.167453239	
108.7	0.6937047593	2.168988654	
108.8	0.6898201013	2.170482033	
108.9	0.6858077883	2.171932256	
109	0.6816570722	2.173338103	
109.1	0.6773559226	2.174698244	
109.2	0.6728908325	2.176011223	
109.3	0.668246587	2.177275448	
109.4	0.6634059892	2.178489166	
109.5	0.6583495326	2.179650446	
109.6	0.6530550087	2.180757157	
109.7	0.6474970339	2.181806931	
109.8	0.6416464781	2.182797137	
109.9	0.6354697696	2.18372484	
110	0.6289280468	2.184586748	
110.1	0.6219761169	2.185379159	
110.2	0.6145611735	2.186097893	
110.3	0.6066212078	2.186738209	
110.4	0.5980830337	2.187294704	
110.5	0.5888598218	2.18776119	
110.6	0.5788480117	2.18813055	
110.7	0.5679234376	2.188394547	
110.8	0.5559364641	2.188543605	
110.9	0.5427058944	2.188566524	
111	0.5280113897	2.188450134	
111.1	0.5115841585	2.188178864	
111.2	0.4930958021	2.187734209	
111.3	0.4721455575	2.18709408	
111.4	0.4482470059	2.186232025	
111.5	0.4208170661	2.18511632	
111.6	0.3891735217	2.183709002	
111.7	0.3525535412	2.181964953	
111.8	0.3101756297	2.179831379	
111.9	0.2613801074	2.177248258	
112	0.2058899243	2.174150765	
112.1	0.144208995	2.170474993	
112.2	0.0780761156	2.166168054	
112.3	0.01070674992	2.161201935	
112.4	-0.05357316167	2.155586991	
112.5	-0.1104501141	2.149377845	
112.6	-0.1569912113	2.142666155	
112.7	-0.1923704638	2.135562297	
112.8	-0.2175818784	2.128174967	
112.9	-0.2345777692	2.120597115	
113	-0.2454676444	2.112900634	
113.1	-0.252068152	2.105137396	
113.2	-0.2557640303	2.097343124	
113.3	-0.2575375696	2.089541693	
113.4	-0.2580559691	2.081748759	
113.5	-0.2577607062	2.073974472	
113.6	-0.256939424	2.06622537	
113.7	-0.2557779091	2.058505644	
113.8	-0.2543956232	2.050817977	
113.9	-0.2528692407	2.043164084	
114	-0.251247965	2.035545053	
114.1	-0.2495633956	2.027961576	
114.2	-0.2478358521	2.020414087	
114.3	-0.2460784194	2.012902856	
114.4	-0.2442995329	2.005428044	
114.5	-0.2425046337	1.997989747	
114.6	-0.2406972289	1.990588013	
114.7	-0.2388795729	1.983222865	
114.8	-0.2370531058	1.975894305	
114.9	-0.235218737	1.968602326	
115	-0.2333770282	1.961346912	
115.1	-0.2315283121	1.954128044	
115.2	-0.2296727705	1.946945698	
115.3	-0.2278104843	1.939799851	
115.4	-0.2259414668	1.93269048	
115.5	-0.2240656853	1.925617561	
115.6	-0.2221830754	1.91858107	
115.7	-0.2202935504	1.911580986	
115.8	-0.2183970076	1.904617287	
115.9	-0.216493332	1.897689953	
116	-0.2145823993	1.890798964	
116.1	-0.2126640775	1.883944304	
116.2	-0.210738228	1.877125955	
116.3	-0.2088047063	1.870343904	
116.4	-0.2068633625	1.863598137	
116.5	-0.2049140412	1.856888642	
116.6	-0.2029565821	1.850215409	
116.7	-0.2009908196	1.84357843	
116.8	-0.1990165828	1.836977698	
116.9	-0.1970336955	1.830413208	
117	-0.1950419757	1.823884957	
117.1	-0.1930412361	1.817392943	
117.2	-0.1910312831	1.810937168	
117.3	-0.189011917	1.804517632	
117.4	-0.1869829318	1.798134342	
117.5	-0.1849441146	1.791787304	
117.6	-0.1828952456	1.785476526	
117.7	-0.1808360977	1.77920202	
117.8	-0.1787664361	1.772963799	
117.9	-0.1766860181	1.766761877	
118	-0.1745945925	1.760596275	
118.1	-0.1724918994	1.754467011	
118.2	-0.1703776699	1.748374109	
118.3	-0.1682516252	1.742317596	
118.4	-0.1661134765	1.736297498	
118.5	-0.1639629246	1.730313849	
118.6	-0.161799659	1.724366682	
118.7	-0.1596233575	1.718456035	
118.8	-0.1574336858	1.712581949	
118.9	-0.1552302964	1.706744466	
119	-0.1530128285	1.700943636	
119.1	-0.1507809067	1.695179509	
119.2	-0.1485341406	1.689452139	
119.3	-0.146272124	1.683761585	
119.4	-0.1439944337	1.67810791	
119.5	-0.1417006288	1.672491179	
119.6	-0.1393902495	1.666911465	
119.7	-0.1370628162	1.661368843	
119.8	-0.1347178284	1.655863392	
119.9	-0.132354763	1.650395198	
120	-0.1299730735	1.644964351	
120.1	-0.1275721881	1.639570947	
120.2	-0.1251515084	1.634215087	
120.3	-0.1227104076	1.628896878	
120.4	-0.1202482289	1.623616433	
120.5	-0.117764283	1.618373871	
120.6	-0.1152578467	1.613169321	
120.7	-0.1127281598	1.608002913	
120.8	-0.1101744233	1.602874791	
120.9	-0.1075957963	1.597785101	
121	-0.1049913931	1.592734003	
121.1	-0.10236028	1.58772166	
121.2	-0.09970147178	1.582748248	
121.3	-0.097013928	1.577813952	
121.4	-0.09429654862	1.572918966	
121.5	-0.09154816958	1.568063496	
121.6	-0.08876755769	1.563247759	
121.7	-0.08595340517	1.558471984	
121.8	-0.08310432357	1.553736414	
121.9	-0.08021883715	1.549041303	
122	-0.07729537546	1.544386923	
122.1	-0.07433226525	1.539773559	
122.2	-0.07132772147	1.535201513	
122.3	-0.06827983731	1.530671106	
122.4	-0.06518657309	1.526182677	
122.5	-0.06204574396	1.521736584	
122.6	-0.05885500609	1.517333209	
122.7	-0.05561184137	1.512972957	
122.8	-0.05231354011	1.508656255	
122.9	-0.04895718178	1.504383561	
123	-0.04553961322	1.50015536	
123.1	-0.04205742412	1.49597217	
123.2	-0.03850691932	1.49183454	
123.3	-0.0348840874	1.487743061	
123.4	-0.03118456493	1.48369836	
123.5	-0.02740359588	1.479701109	
123.6	-0.02353598508	1.475752031	
123.7	-0.01957604506	1.471851896	
123.8	-0.01551753479	1.468001537	
123.9	-0.01135358917	1.464201847	
124	-0.007076637439	1.460453789	
124.1	-0.002678308487	1.456758405	
124.2	0.001850679437	1.453116822	
124.3	0.006520647613	1.449530259	
124.4	0.01134310808	1.446000044	
124.5	0.01633094177	1.442527623	
124.6	0.02149860918	1.439114575	
124.7	0.02686240054	1.435762625	
124.8	0.03244073433	1.432473672	
124.9	0.03825451489	1.429249802	
125	0.04432756299	1.426093321	
125.1	0.05068713675	1.423006783	
125.2	0.05736456496	1.419993028	
125.3	0.064396021	1.417055225	
125.4	0.07182347363	1.414196925	
125.5	0.07969586108	1.411422122	
125.6	0.0880705487	1.408735331	
125.7	0.09701514812	1.406141677	
125.8	0.1066097989	1.403647008	
125.9	0.1169500438	1.401258033	
126	0.1281504664	1.398982489	
126.1	0.1403493072	1.396829352	
126.2	0.1537143291	1.3948091	
126.3	0.1684502617	1.392934035	
126.4	0.1848081983	1.3912187	
126.5	0.2030973128	1.389680385	
126.6	0.2236991243	1.388339774	
126.7	0.2470840709	1.387221743	
126.8	0.2738290096	1.386356316	
126.9	0.3046317111	1.385779803	
127	0.3403132273	1.385536013	
127.1	0.3817893315	1.385677367	
127.2	0.4299764883	1.386265421	
127.3	0.4855786605	1.387369916	
127.4	0.5486965158	1.389064844	
127.5	0.6182598233	1.391419683	
127.6	0.6914772239	1.394484785	
127.7	0.7637876405	1.398273321	
127.8	0.829820408	1.402747594	
127.9	0.8851713212	1.407819658	
128	0.9278544037	1.413369146	
128.1	0.9584304725	1.419269321	
128.2	0.9790310862	1.425408214	
128.3	0.9922130715	1.431698368	
128.4	1.000244014	1.438077032	
128.5	1.004853619	1.444501647	
128.6	1.00725275	1.450944372	
128.7	1.008247173	1.457387404	
128.8	1.008357223	1.463819509	
128.9	1.007913084	1.470233662	
129	1.007122216	1.476625493	
129.1	1.006114303	1.482992294	
129.2	1.004970226	1.489332397	
129.3	1.003740402	1.495644781	
129.4	1.002456282	1.501928828	
129.5	1.001137505	1.508184173	
129.6	0.999796357	1.514410609	
129.7	0.9984405361	1.520608024	
129.8	0.9970748733	1.526776372	
129.9	0.9957024049	1.532915642	
130	0.9943250407	1.53902585	
130.1	0.9929439819	1.545107026	
130.2	0.9915599829	1.551159209	
130.3	0.9901735155	1.557182446	
130.4	0.9887848723	1.563176785	
130.5	0.9873942319	1.569142277	
130.6	0.9860017004	1.575078976	
130.7	0.9846073373	1.580986935	
130.8	0.9832111722	1.586866207	
130.9	0.9818132154	1.592716845	
131	0.9804134645	1.598538905	
131.1	0.979011909	1.604332438	
131.2	0.9776085329	1.610097499	
131.3	0.9762033164	1.615834139	
131.4	0.9747962373	1.621542412	
131.5	0.9733872715	1.62722237	
131.6	0.9719763934	1.632874063	
131.7	0.9705635765	1.638497545	
131.8	0.9691487935	1.644092865	
131.9	0.9677320162	1.649660073	
132	0.9663132159	1.655199221	
132.1	0.9648923633	1.660710358	
132.2	0.9634694282	1.666193534	
132.3	0.9620443803	1.671648796	
132.4	0.9606171883	1.677076194	
132.5	0.9591878207	1.682475775	
132.6	0.9577562451	1.687847587	
132.7	0.9563224287	1.693191678	
132.8	0.954886338	1.698508093	
132.9	0.953447939	1.70379688	
133	0.952007197	1.709058083	
133.1	0.9505640766	1.714291749	
133.2	0.9491185419	1.719497921	
133.3	0.9476705561	1.724676645	
133.4	0.9462200819	1.729827964	
133.5	0.9447670813	1.734951922	
133.6	0.9433115154	1.740048561	
133.7	0.9418533446	1.745117923	
133.8	0.9403925287	1.750160052	
133.9	0.9389290265	1.755174988	
134	0.9374627962	1.760162771	
134.1	0.9359937948	1.765123443	
134.2	0.9345219788	1.770057044	
134.3	0.9330473038	1.774963611	
134.4	0.9315697242	1.779843185	
134.5	0.9300891938	1.784695803	
134.6	0.9286056652	1.789521502	
134.7	0.9271190902	1.794320321	
134.8	0.9256294193	1.799092295	
134.9	0.9241366024	1.80383746	
135	0.9226405879	1.808555852	
135.1	0.9211413232	1.813247504	
135.2	0.9196387548	1.817912452	
135.3	0.9181328277	1.822550728	
135.4	0.9166234858	1.827162366	
135.5	0.9151106719	1.831747397	
135.6	0.9135943273	1.836305853	
135.7	0.912074392	1.840837765	
135.8	0.9105508047	1.845343162	
135.9	0.9090235028	1.849822075	
136	0.9074924219	1.854274532	
136.1	0.9059574963	1.85870056	
136.2	0.9044186589	1.863100188	
136.3	0.9028758407	1.867473441	
136.4	0.9013289712	1.871820346	
136.5	0.8997779781	1.876140928	
136.6	0.8982227874	1.880435209	
136.7	0.8966633232	1.884703215	
136.8	0.8950995078	1.888944967	
136.9	0.8935312613	1.893160488	
137	0.8919585022	1.897349797	
137.1	0.8903811464	1.901512916	
137.2	0.8887991079	1.905649862	
137.3	0.8872122984	1.909760655	
137.4	0.8856206272	1.913845311	
137.5	0.8840240014	1.917903846	
137.6	0.8824223251	1.921936277	
137.7	0.8808155004	1.925942616	
137.8	0.8792034262	1.929922878	
137.9	0.8775859988	1.933877074	
138	0.8759631116	1.937805216	
138.1	0.8743346549	1.941707314	
138.2	0.8727005158	1.945583376	
138.3	0.8710605784	1.94943341	
138.4	0.8694147231	1.953257422	
138.5	0.8677628268	1.957055419	
138.6	0.8661047628	1.960827403	
138.7	0.8644404006	1.964573378	
138.8	0.8627696055	1.968293345	
138.9	0.861092239	1.971987303	
139	0.8594081579	1.975655253	
139.1	0.8577172146	1.979297189	
139.2	0.8560192569	1.982913109	
139.3	0.8543141274	1.986503007	
139.4	0.8526016639	1.990066874	
139.5	0.8508816986	1.993604703	
139.6	0.8491540581	1.997116481	
139.7	0.8474185631	2.000602197	
139.8	0.8456750283	2.004061837	
139.9	0.8439232619	2.007495383	
140	0.8421630652	2.010902819	
140.1	0.8403942328	2.014284123	
140.2	0.8386165515	2.017639275	
140.3	0.8368298006	2.02096825	
140.4	0.8350337511	2.024271021	
140.5	0.8332281657	2.02754756	
140.6	0.8314127978	2.030797836	
140.7	0.8295873915	2.034021815	
140.8	0.827751681	2.037219462	
140.9	0.82590539	2.040390739	
141	0.824048231	2.043535603	
141.1	0.8221799053	2.04665401	
141.2	0.8203001015	2.049745915	
141.3	0.8184084956	2.052811266	
141.4	0.8165047499	2.05585001	
141.5	0.814588512	2.058862091	
141.6	0.8126594145	2.061847449	
141.7	0.810717074	2.064806021	
141.8	0.8087610896	2.067737738	
141.9	0.8067910425	2.070642529	
142	0.8048064947	2.07352032	
142.1	0.8028069877	2.076371031	
142.2	0.8007920414	2.079194576	
142.3	0.7987611525	2.081990868	
142.4	0.7967137932	2.084759813	
142.5	0.7946494097	2.087501311	
142.6	0.7925674201	2.090215259	
142.7	0.7904672128	2.092901546	
142.8	0.7883481445	2.095560056	
142.9	0.7862095378	2.098190667	
143	0.7840506788	2.100793249	
143.1	0.7818708148	2.103367668	
143.2	0.7796691513	2.105913778	
143.3	0.7774448485	2.10843143	
143.4	0.7751970187	2.110920464	
143.5	0.7729247221	2.113380711	
143.6	0.7706269627	2.115811994	
143.7	0.7683026841	2.118214126	
143.8	0.7659507649	2.12058691	
143.9	0.7635700126	2.122930136	
144	0.7611591584	2.125243584	
144.1	0.7587168506	2.127527021	
144.2	0.7562416471	2.129780201	
144.3	0.753732008	2.132002864	
144.4	0.7511862863	2.134194733	
144.5	0.7486027186	2.136355516	
144.6	0.7459794141	2.138484903	
144.7	0.7433143423	2.140582567	
144.8	0.7406053201	2.142648158	
144.9	0.7378499961	2.144681305	
145	0.7350458343	2.146681616	
145.1	0.7321900946	2.14864867	
145.2	0.7292798119	2.150582021	
145.3	0.7263117716	2.152481192	
145.4	0.7232824827	2.154345675	
145.5	0.7201881469	2.156174926	
145.6	0.7170246231	2.157968363	
145.7	0.713787388	2.159725361	
145.8	0.7104714898	2.161445252	
145.9	0.7070714964	2.163127316	
146	0.7035814348	2.164770778	
146.1	0.6999947221	2.166374802	
146.2	0.6963040851	2.167938485	
146.3	0.6925014675	2.169460852	
146.4	0.6885779218	2.170940843	
146.5	0.6845234828	2.172377307	
146.6	0.68032702	2.17376899	
146.7	0.6759760631	2.175114526	
146.8	0.671456597	2.176412417	
146.9	0.6667528181	2.177661022	
147	0.6618468441	2.178858537	
147.1	0.6567183682	2.18000297	
147.2	0.6513442427	2.181092117	
147.3	0.6456979776	2.182123535	
147.4	0.6397491334	2.183094501	
147.5	0.6334625812	2.184001973	
147.6	0.6267975992	2.184842538	
147.7	0.6197067615	2.185612353	
147.8	0.6121345674	2.186307071	
147.9	0.6040157412	2.186921755	
148	0.5952731162	2.187450771	
148.1	0.5858149895	2.187887658	
148.2	0.5755318073	2.188224969	
148.3	0.5642920042	2.188454075	
148.4	0.551936782	2.188564924	
148.5	0.5382735795	2.18854574	
148.6	0.5230679735	2.188382653	
148.7	0.5060337923	2.188059235	
148.8	0.486821407	2.187555935	
148.9	0.4650046334	2.186849388	
149	0.4400677334	2.185911592	
149.1	0.4113961836	2.184708976	
149.2	0.3782790454	2.183201425	
149.3	0.3399380971	2.181341443	
149.4	0.2956100226	2.179073854	
149.5	0.2447202639	2.176336745	
149.6	0.1871878131	2.17306477	
149.7	0.1238571754	2.169196172	
149.8	0.05692437447	2.164684259	
149.9	-0.009970286557	2.159511782	
150	-0.07235569211	2.153702884	
150.1	-0.126217172	2.14732521	
150.2	-0.1692523704	2.140478557	
150.3	-0.2012770127	2.13327479	
150.4	-0.2236854929	2.125818764	
150.5	-0.2385507896	2.118197037	
150.6	-0.2479218563	2.110474921	
150.7	-0.2534843104	2.102698763	
150.8	-0.2564893264	2.094900133	
150.9	-0.2578103601	2.087099983	
151	-0.2580349752	2.079311998	
151.1	-0.2575497214	2.071545025	
151.2	-0.2566056209	2.063804755	
151.3	-0.2553645204	2.056094833	
151.4	-0.253930405	2.048417593	
151.5	-0.2523700025	2.040774521	
151.6	-0.2507261406	2.033166564	
151.7	-0.2490263341	2.025594318	
151.8	-0.2472882841	2.01805816	
151.9	-0.2455233936	2.010558319	
152	-0.2437390157	2.003094934	
152.1	-0.2419398933	1.995668082	
152.2	-0.2401290813	1.988277803	
152.3	-0.2383085409	1.980924112	
152.4	-0.236479521	1.973607009	
152.5	-0.2346428061	1.966326481	
152.6	-0.2327988756	1.959082513	
152.7	-0.2309480083	1.951875083	
152.8	-0.2290903498	1.944704169	
152.9	-0.2272259568	1.937569747	
153	-0.2253548265	1.930471793	
153.1	-0.2234769149	1.923410283	
153.2	-0.2215921498	1.916385195	
153.3	-0.2197004391	1.909396506	
153.4	-0.2178016756	1.902444196	
153.5	-0.2158957413	1.895528245	
153.6	-0.2139825094	1.888648634	
153.7	-0.2120618456	1.881805345	
153.8	-0.2101336095	1.874998364	
153.9	-0.2081976548	1.868227676	
154	-0.2062538299	1.861493268	
154.1	-0.2043019779	1.854795129	
154.2	-0.2023419368	1.84813325	
154.3	-0.2003735393	1.841507622	
154.4	-0.1983966129	1.834918239	
154.5	-0.1964109797	1.828365096	
154.6	-0.1944164559	1.821848192	
154.7	-0.1924128524	1.815367526	
154.8	-0.1903999736	1.808923098	
154.9	-0.1883776179	1.802514912	
155	-0.1863455772	1.796142973	
155.1	-0.1843036364	1.789807288	
155.2	-0.1822515735	1.783507866	
155.3	-0.180189159	1.777244721	
155.4	-0.1781161557	1.771017864	
155.5	-0.1760323183	1.764827314	
155.6	-0.1739373928	1.758673087	
155.7	-0.1718311167	1.752555207	
155.8	-0.1697132178	1.746473697	
155.9	-0.1675834145	1.740428583	
156	-0.1654414147	1.734419896	
156.1	-0.1632869157	1.728447666	
156.2	-0.1611196033	1.722511931	
156.3	-0.1589391517	1.716612728	
156.4	-0.1567452225	1.710750098	
156.5	-0.1545374641	1.704924088	
156.6	-0.1523155112	1.699134745	
156.7	-0.1500789839	1.693382121	
156.8	-0.1478274869	1.687666273	
156.9	-0.1455606086	1.68198726	
157	-0.1432779206	1.676345146	
157.1	-0.140978976	1.670739999	
157.2	-0.1386633091	1.665171891	
157.3	-0.1363304338	1.6596409	
157.4	-0.1339798426	1.654147106	
157.5	-0.1316110053	1.648690597	
157.6	-0.1292233676	1.643271464	
157.7	-0.1268163495	1.637889805	
157.8	-0.1243893441	1.632545723	
157.9	-0.1219417153	1.627239326	
158	-0.1194727962	1.621970731	
158.1	-0.1169818873	1.616740058	
158.2	-0.1144682539	1.611547436	
158.3	-0.1119311242	1.606393002	
158.4	-0.1093696861	1.601276898	
158.5	-0.1067830852	1.596199275	
158.6	-0.1041704209	1.591160294	
158.7	-0.101530744	1.586160122	
158.8	-0.09886305234	1.581198939	
158.9	-0.09616628725	1.576276931	
159	-0.09343932917	1.571394296	
159.1	-0.09068099296	1.566551244	
159.2	-0.08789002268	1.561747995	
159.3	-0.08506508598	1.556984783	
159.4	-0.08220476782	1.552261853	
159.5	-0.07930756362	1.547579467	
159.6	-0.07637187166	1.542937899	
159.7	-0.0733959847	1.53833744	
159.8	-0.07037808067	1.533778397	
159.9	-0.06731621242	1.529261097	
160	-0.06420829618	1.524785885	
160.1	-0.06105209889	1.520353127	
160.2	-0.05784522387	1.515963211	
160.3	-0.05458509497	1.511616548	
160.4	-0.05126893866	1.507313576	
160.5	-0.04789376403	1.503054761	
160.6	-0.04445634018	1.498840597	
160.7	-0.04095317075	1.494671612	
160.8	-0.0373804651	1.490548369	
160.9	-0.03373410566	1.486471468	
161	-0.03000961069	1.48244155	
161.1	-0.02620209194	1.478459304	
161.2	-0.02230620616	1.474525466	
161.3	-0.01831609953	1.470640826	
161.4	-0.01422534366	1.466806233	
161.5	-0.01002686186	1.463022604	
161.6	-0.005712843599	1.459290925	
161.7	-0.001274645283	1.455612262	
161.8	0.003297325516	1.451987771	
161.9	0.008013745514	1.448418705	
162	0.01288653483	1.444906426	
162.1	0.01792904465	1.44145242	
162.2	0.02315627943	1.43805831	
162.3	0.0285851612	1.434725875	
162.4	0.03423484524	1.431457067	
162.5	0.04012709895	1.428254039	
162.6	0.04628675862	1.425119173	
162.7	0.05274228295	1.422055105	
162.8	0.05952642697	1.419064776	
162.9	0.06667706708	1.416151467	
163	0.07423821613	1.41331886	
163.1	0.08226127912	1.410571105	
163.2	0.0908066147	1.407912895	
163.3	0.09994548704	1.40534957	
163.4	0.1097625176	1.402887231	
163.5	0.120358779	1.400532889	
163.6	0.1318557132	1.398294645	
163.7	0.1444001072	1.396181913	
163.8	0.1581704146	1.394205704	
163.9	0.1733847701	1.392378975	
164	0.1903110759	1.390717065	
164.1	0.2092795058	1.389238254	
164.2	0.2306975529	1.387964444	
164.3	0.2550671266	1.38692201	
164.4	0.2830017106	1.386142818	
164.5	0.315238389	1.385665395	
164.6	0.3526331654	1.385536141	
164.7	0.3961165213	1.385810327	
164.8	0.4465686487	1.386552281	
164.9	0.5045560675	1.387833689	
165	0.5698794779	1.389728345	
165.1	0.6409773182	1.392301565	
165.2	0.7144688482	1.395593999	
165.3	0.7853837743	1.399603864	
165.4	0.8484502678	1.404276796	
165.5	0.8999171388	1.409512122	
165.6	0.938650042	1.415184678	
165.7	0.9658332745	1.421170578	
165.8	0.9838402684	1.427365018	
165.9	0.9951891663	1.433688576	
166	1.00198897	1.440085408	
166.1	1.005797783	1.446518133	
166.2	1.007686037	1.452962503	
166.3	1.008358149	1.459403084	
166.4	1.008266036	1.465830174	
166.5	1.007695395	1.472237713	
166.6	1.006825374	1.478621939	
166.7	1.005767847	1.484980522	
166.8	1.004592571	1.491312032	
166.9	1.003343031	1.497615595	
167	1.002046362	1.503890686	
167.1	1.000719518	1.510136995	
167.2	0.9993731095	1.516354352	
167.3	0.9980137885	1.522542668	
167.4	0.9966457316	1.52870191	
167.5	0.9952715647	1.534832078	
167.6	0.9938929395	1.540933191	
167.7	0.9925108949	1.547005284	
167.8	0.9911260823	1.553048398	
167.9	0.9897389085	1.55906258	
168	0.9883496247	1.565047881	
168.1	0.9869583834	1.571004351	
168.2	0.9855652736	1.576932045	
168.3	0.9841703441	1.582831015	
168.4	0.9827736176	1.588701315	
168.5	0.9813750996	1.594542999	
168.6	0.9799747851	1.60035612	
168.7	0.9785726615	1.606140732	
168.8	0.9771687113	1.611896888	
168.9	0.9757629141	1.61762464	
169	0.9743552469	1.62332404	
169.1	0.972945685	1.628995142	
169.2	0.9715342027	1.634637996	
169.3	0.9701207731	1.640252653	
169.4	0.9687053687	1.645839165	
169.5	0.9672879611	1.651397582	
169.6	0.9658685213	1.656927954	
169.7	0.9644470199	1.66243033	
169.8	0.9630234265	1.667904759	
169.9	0.9615977106	1.673351291	
170	0.9601698408	1.678769973	
170.1	0.9587397853	1.684160854	
170.2	0.9573075116	1.689523981	
170.3	0.9558729866	1.6948594	
170.4	0.9544361768	1.700167159	
170.5	0.9529970479	1.705447304	
170.6	0.951555565	1.710699879	
170.7	0.9501116925	1.715924931	
170.8	0.9486653942	1.721122503	
170.9	0.9472166333	1.726292641	
171	0.9457653721	1.731435388	
171.1	0.9443115724	1.736550786	
171.2	0.9428551951	1.74163888	
171.3	0.9413962005	1.74669971	
171.4	0.9399345479	1.751733319	
171.5	0.9384701959	1.756739748	
171.6	0.9370031025	1.761719038	
171.7	0.9355332245	1.766671229	
171.8	0.9340605181	1.77159636	
171.9	0.9325849385	1.776494471	
172	0.93110644	1.781365599	
172.1	0.9296249758	1.786209784	
172.2	0.9281404985	1.791027063	
172.3	0.9266529595	1.795817471	
172.4	0.9251623089	1.800581047	
172.5	0.9236684963	1.805317824	
172.6	0.9221714698	1.810027839	
172.7	0.9206711764	1.814711126	
172.8	0.9191675622	1.819367719	
172.9	0.917660572	1.82399765	
173	0.9161501491	1.828600953	
173.1	0.914636236	1.833177659	
173.2	0.9131187735	1.8377278	
173.3	0.9115977013	1.842251406	
173.4	0.9100729577	1.846748507	
173.5	0.9085444793	1.851219133	
173.6	0.9070122017	1.855663311	
173.7	0.9054760585	1.860081069	
173.8	0.9039359821	1.864472436	
173.9	0.9023919029	1.868837436	
174	0.90084375	1.873176095	
174.1	0.8992914506	1.877488439	
174.2	0.89773493	1.88177449	
174.3	0.8961741117	1.886034273	
174.4	0.8946089175	1.890267808	
174.5	0.8930392668	1.894475119	
174.6	0.8914650774	1.898656225	
174.7	0.8898862647	1.902811146	
174.8	0.8883027418	1.906939901	
174.9	0.8867144198	1.911042508	
175	0.8851212073	1.915118983	
175.1	0.8835230104	1.919169342	
175.2	0.8819197327	1.923193601	
175.3	0.8803112752	1.927191774	
175.4	0.878697536	1.931163872	
175.5	0.8770784105	1.935109909	
175.6	0.8754537913	1.939029894	
175.7	0.8738235675	1.942923838	
175.8	0.8721876255	1.946791749	
175.9	0.8705458479	1.950633635	
176	0.8688981144	1.9544495	
176.1	0.8672443006	1.958239351	
176.2	0.8655842786	1.962003191	
176.3	0.8639179167	1.965741021	
176.4	0.8622450791	1.969452844	
176.5	0.8605656256	1.973138659	
176.6	0.8588794118	1.976798463	
176.7	0.8571862887	1.980432253	
176.8	0.8554861024	1.984040026	
176.9	0.8537786941	1.987621773	
177	0.8520638998	1.991177488	
177.1	0.85034155	1.99470716	
177.2	0.8486114696	1.998210779	
177.3	0.8468734773	2.001688331	
177.4	0.8451273858	2.005139802	
177.5	0.8433730013	2.008565174	
177.6	0.8416101229	2.01196443	
177.7	0.8398385429	2.015337548	
177.8	0.8380580457	2.018684505	
177.9	0.8362684081	2.022005278	
178	0.8344693986	2.025299838	
178.1	0.8326607769	2.028568156	
178.2	0.8308422936	2.031810202	
178.3	0.8290136898	2.03502594	
178.4	0.8271746964	2.038215333	
178.5	0.8253250337	2.041378344	
178.6	0.8234644108	2.044514928	
178.7	0.8215925249	2.047625042	
178.8	0.819709061	2.050708637	
178.9	0.8178136907	2.053765662	
179	0.8159060718	2.056796064	
179.1	0.8139858474	2.059799784	
179.2	0.8120526452	2.062776761	
179.3	0.8101060762	2.065726931	
179.4	0.8081457342	2.068650225	
179.5	0.8061711945	2.07154657	
179.6	0.8041820128	2.07441589	
179.7	0.8021777239	2.077258103	
179.8	0.8001578407	2.080073124	
179.9	0.7981218523	2.082860863	
180	0.796069223	2.085621225	
180.1	0.7939993904	2.088354107	
180.2	0.7919117634	2.091059406	
180.3	0.7898057209	2.093737008	
180.4	0.7876806089	2.096386795	
180.5	0.7855357391	2.099008643	
180.6	0.7833703856	2.101602422	
180.7	0.7811837829	2.104167992	
180.8	0.7789751228	2.106705208	
180.9	0.7767435508	2.109213916	
181	0.7744881632	2.111693954	
181.1	0.7722080032	2.114145151	
181.2	0.7699020563	2.116567326	
181.3	0.7675692464	2.11896029	
181.4	0.7652084302	2.121323841	
181.5	0.7628183922	2.123657767	
181.6	0.7603978383	2.125961843	
181.7	0.7579453893	2.128235833	
181.8	0.7554595734	2.130479486	
181.9	0.752938818	2.132692537	
182	0.7503814409	2.134874704	
182.1	0.7477856399	2.13702569	
182.2	0.7451494819	2.13914518	
182.3	0.7424708901	2.141232839	
182.4	0.7397476305	2.143288311	
182.5	0.7369772957	2.14531122	
182.6	0.7341572879	2.147301163	
182.7	0.731284799	2.149257713	
182.8	0.7283567886	2.151180414	
182.9	0.7253699586	2.153068779	
183	0.7223207252	2.15492229	
183.1	0.7192051868	2.156740391	
183.2	0.7160190871	2.158522487	
183.3	0.712757774	2.16026794	
183.4	0.7094161512	2.161976066	
183.5	0.705988624	2.163646128	
183.6	0.7024690364	2.165277334	
183.7	0.6988505985	2.166868826	
183.8	0.6951258027	2.168419681	
183.9	0.6912863258	2.169928896	
184	0.6873229164	2.171395386	
184.1	0.6832252613	2.172817967	
184.2	0.6789818306	2.174195353	
184.3	0.674579694	2.175526137	
184.4	0.6700043045	2.176808779	
184.5	0.6652392412	2.178041589	
184.6	0.660265903	2.179222705	
184.7	0.6550631418	2.180350074	
184.8	0.6496068217	2.181421419	
184.9	0.6438692871	2.182434215	
185	0.6378187166	2.183385642	
185.1	0.631418336	2.184272549	
185.2	0.6246254546	2.185091396	
185.3	0.6173902795	2.185838188	
185.4	0.6096544497	2.186508406	
185.5	0.6013492159	2.187096907	
185.6	0.5923931726	2.187597812	
185.7	0.5826894195	2.18800437	
185.8	0.5721220031	2.188308788	
185.9	0.5605514483	2.18850202	
186	0.5478091557	2.188573508	
186.1	0.5336904073	2.188510866	
186.2	0.5179457267	2.188299475	
186.3	0.5002704114	2.187921997	
186.4	0.4802923078	2.187357767	
186.5	0.4575585107	2.186582061	
186.6	0.4315230031	2.185565241	
186.7	0.401539944	2.184271788	
186.8	0.3668723378	2.182659349	
186.9	0.326734339	2.180678017	
187	0.2803975289	2.17827032	
187.1	0.2274022955	2.175372765	
187.2	0.1679069134	2.171920167	
187.3	0.1031407695	2.167854053	
187.4	0.03576947048	2.163135379	
187.5	-0.03020181576	2.157758891	
187.6	-0.09028884846	2.15176276	
187.7	-0.1409060418	2.145226503	
187.8	-0.1804219562	2.138256002	
187.9	-0.2092359357	2.130962691	
188	-0.2290500434	2.123446476	
188.1	-0.2419880234	2.115787256	
188.2	-0.2500059384	2.108044018	
188.3	-0.2546525145	2.100258004	
188.4	-0.2570515996	2.092457045	
188.5	-0.2579771049	2.084659501	
188.6	-0.2579453567	2.07687732	
188.7	-0.2572943882	2.06911821	
188.8	-0.2562431124	2.061387125	
188.9	-0.2549324738	2.053687234	
189	-0.2534529757	2.046020563	
189.1	-0.2518626909	2.038388404	
189.2	-0.2501989011	2.030791578	
189.3	-0.248485568	2.0232306	
189.4	-0.2467381134	2.015705794	
189.5	-0.2449664757	2.008217357	
189.6	-0.2431770649	2.000765406	
189.7	-0.2413740145	1.993350003	
189.8	-0.239559985	1.985971181	
189.9	-0.2377366808	1.978628947	
190	-0.235905184	1.971323298	
190.1	-0.2340661692	1.964054221	
190.2	-0.2322200439	1.956821696	
190.3	-0.2303670392	1.949625703	
190.4	-0.2285072691	1.942466219	
190.5	-0.226640769	1.935343218	
190.6	-0.2247675215	1.928256679	
190.7	-0.2228874727	1.921206576	
190.8	-0.2210005434	1.914192888	
190.9	-0.2191066362	1.907215593	
191	-0.2172056405	1.90027467	
191.1	-0.2152974351	1.8933701	
191.2	-0.2133818907	1.886501865	
191.3	-0.2114588712	1.879669947	
191.4	-0.2095282341	1.872874332	
191.5	-0.2075898315	1.866115006	
191.6	-0.2056435102	1.859391956	
191.7	-0.2036891116	1.852705172	
191.8	-0.2017264721	1.846054645	
191.9	-0.1997554227	1.839440367	
192	-0.1977757893	1.832862332	
192.1	-0.1957873922	1.826320538	
192.2	-0.1937900459	1.819814981	
192.3	-0.1917835592	1.813345662	
192.4	-0.1897677349	1.806912582	
192.5	-0.1877423692	1.800515745	
192.6	-0.1857072519	1.794155158	
192.7	-0.1836621658	1.787830827	
192.8	-0.1816068865	1.781542763	
192.9	-0.1795411822	1.775290979	
193	-0.1774648131	1.76907549	
193.1	-0.1753775313	1.762896311	
193.2	-0.1732790803	1.756753464	
193.3	-0.1711691944	1.75064697	
193.4	-0.1690475986	1.744576853	
193.5	-0.1669140081	1.738543143	
193.6	-0.1647681274	1.732545868	
193.7	-0.1626096504	1.726585062	
193.8	-0.1604382593	1.720660762	
193.9	-0.1582536244	1.714773006	
194	-0.1560554033	1.708921838	
194.1	-0.1538432401	1.703107304	
194.2	-0.151616765	1.697329454	
194.3	-0.1493755935	1.69158834	
194.4	-0.1471193251	1.685884019	
194.5	-0.1448475432	1.680216554	
194.6	-0.1425598136	1.674586008	
194.7	-0.1402556837	1.668992451	
194.8	-0.1379346815	1.663435957	
194.9	-0.1355963144	1.657916604	
195	-0.1332400678	1.652434476	
195.1	-0.1308654043	1.64698966	
195.2	-0.1284717616	1.641582251	
195.3	-0.1260585514	1.636212347	
195.4	-0.1236251579	1.630880054	
195.5	-0.1211709356	1.625585481	
195.6	-0.1186952076	1.620328747	
195.7	-0.1161972636	1.615109975	
195.8	-0.1136763576	1.609929297	
195.9	-0.1111317054	1.604786849	
196	-0.1085624819	1.599682778	
196.1	-0.1059678188	1.594617238	
196.2	-0.1033468005	1.58959039	
196.3	-0.1006984615	1.584602408	
196.4	-0.09802178263	1.579653471	
196.5	-0.09531568649	1.57474377	
196.6	-0.09257903354	1.569873507	
196.7	-0.08981061704	1.565042894	
196.8	-0.08700915778	1.560252156	
196.9	-0.0841732982	1.555501531	
197	-0.081301596	1.550791268	
197.1	-0.07839251704	1.546121633	
197.2	-0.07544442748	1.541492905	
197.3	-0.07245558518	1.536905381	
197.4	-0.06942413007	1.532359374	
197.5	-0.0663480735	1.527855215	
197.6	-0.06322528639	1.523393257	
197.7	-0.06005348605	1.518973871	
197.8	-0.05683022141	1.514597453	
197.9	-0.05355285653	1.510264423	
198	-0.05021855207	1.505975227	
198.1	-0.04682424453	1.501730339	
198.2	-0.04336662278	1.497530264	
198.3	-0.03984210157	1.49337554	
198.4	-0.03624679161	1.489266741	
198.5	-0.03257646552	1.485204481	
198.6	-0.02882651909	1.481189415	
198.7	-0.02499192713	1.477222246	
198.8	-0.02106719286	1.473303725	
198.9	-0.01704628983	1.469434662	
199	-0.01292259512	1.465615926	
199.1	-0.008688812023	1.461848455	
199.2	-0.00433688055	1.458133258	
199.3	0.0001421266991	1.45447143	
199.4	0.004758126084	1.450864154	
199.5	0.009522165327	1.447312718	
199.6	0.01444659098	1.44381852	
199.7	0.01954524622	1.440383089	
199.8	0.02483370531	1.437008092	
199.9	0.03032955293	1.433695361	
200	0.03605271822	1.43044691	
